
  0.830113379  224.37093 
  0.835918367  234.05255 
  0.841723356  235.15593 
  0.847528345  237.97865 
  0.853333333  242.49539 
  0.859138322  244.2911 
  0.864943311  246.73141 
  0.870748299  249.08755 
  0.876553288  250.10184 
  0.882358277  250.66766 
  0.888163265  250.52626 
  0.893968254  249.77774 
  0.899773243  249.78204 
  0.905578231  250.3769 
  0.911383220  250.34027 
  0.917188209  255.01678 
  0.922993197  265.284 
  0.928798186  264.6055 
  0.934603175  265.30765 
  0.940408163  267.44876 
  0.946213152  269.99478 
  0.952018141  275.2997 
  0.957823129  280.65256 
  0.963628118  285.33008 
  0.969433107  288.47705 
  0.975238095  292.17807 
  0.981043084  295.9575 
  0.986848073  300.24347 
  0.992653061  303.98746 
  0.998458050  308.49863 
  1.004263039  312.52908 
  1.010068027  316.95184 
  1.015873016  322.4008 
  1.021678005  328.38004 
  1.027482993  333.44937 
  1.033287982  337.5896 
  1.039092971  337.28543 
  1.044897959  331.1967 
  1.050702948  321.75513 
  1.056507937  305.91742 
  1.166802721  354.41345 
  1.172607710  350.0382 
  1.178412698  346.2977 
  1.184217687  343.02512 
  1.190022676  340.31677 
  1.195827664  337.41943 
  1.201632653  335.1383 
  1.207437642  332.80228 
  1.213242630  330.70435 
  1.219047619  329.27444 
  1.224852608  328.3498 
  1.230657596  327.75763 
  1.236462585  327.2566 
  1.242267574  327.45587 
  1.410612245  303.89923 
  1.416417234  300.3062 
  1.422222222  301.43683 
  1.428027211  300.9069 
  1.433832200  299.56244 
  1.439637188  299.6686 
  1.445442177  297.22064 
  1.451247166  294.17236 
  1.457052154  291.83032 
  1.462857143  289.59866 
  1.468662132  287.96295 
  1.474467120  284.95016 
  1.480272109  279.34116 
  1.491882086  250.91743 
  1.497687075  250.89897 
  1.503492063  248.37643 
  1.509297052  246.67703 
  1.515102041  243.472 
  1.520907029  244.25035 
  1.526712018  247.02351 
  1.532517007  249.70503 
  1.538321995  261.23566 
  1.544126984  263.07565 
  1.549931973  262.06 
  1.555736961  259.55176 
  1.561541950  257.66037 
  1.567346939  255.25162 
  1.573151927  249.66283 
  1.578956916  241.29286 
  1.584761905  228.56197 
  1.590566893  227.3867 
  1.596371882  225.8249 
  1.602176871  224.23788 
  1.607981859  221.9474 
  1.613786848  219.4374 
  1.619591837  216.30824 
  1.625396825  213.7231 
  1.631201814  210.3804 
  1.637006803  206.64732 
  1.642811791  201.75659 
  1.648616780  197.50961 
  1.654421769  193.77057 
  1.660226757  189.66017 
  1.666031746  186.13478 
  1.671836735  183.05235 
  1.677641723  179.95628 
  1.683446712  177.93758 
  1.689251701  175.87244 
  1.695056689  173.34747 
  1.700861678  171.0224 
  1.706666667  168.27747 
  1.712471655  167.38867 
  1.718276644  165.81949 
  1.724081633  162.68205 
  1.729886621  159.59619 
  6.240362812  226.2749 
  6.246167800  229.4599 
  6.251972789  238.26299 
  6.257777778  242.3839 
  6.263582766  247.7759 
  6.269387755  252.29228 
  6.275192744  255.98537 
  6.280997732  258.76645 
  6.286802721  260.8688 
  6.292607710  262.61795 
  6.298412698  265.19196 
  6.304217687  269.5024 
  6.310022676  273.89563 
  6.315827664  276.1553 
  6.321632653  277.64404 
  6.327437642  276.81546 
  6.333242630  276.92313 
  6.339047619  277.00098 
  6.344852608  276.71548 
  6.350657596  277.0422 
  6.356462585  277.35135 
  6.362267574  278.00314 
  6.368072562  278.67096 
  6.373877551  279.41666 
  6.379682540  279.4668 
  6.385487528  279.02902 
  6.391292517  278.64856 
  6.397097506  277.61426 
  6.402902494  276.2119 
  6.408707483  274.3633 
  6.414512472  271.52655 
  6.420317460  269.05814 
  6.426122449  265.81964 
  6.431927438  263.60718 
  6.437732426  260.53995 
  6.443537415  258.9144 
  6.449342404  257.0581 
  6.455147392  255.96234 
  6.460952381  255.161 
  6.466757370  254.53882 
  6.472562358  254.38458 
  6.478367347  254.40125 
  6.484172336  254.14383 
  6.489977324  254.11551 
  6.495782313  254.07765 
  6.501587302  254.32939 
  6.507392290  255.35223 
  6.513197279  256.58246 
  6.519002268  257.9906 
  6.524807256  258.97797 
  6.530612245  259.1374 
  6.536417234  258.7267 
  6.542222222  258.30667 
  6.548027211  258.32678 
  6.553832200  259.41348 
  6.559637188  261.25378 
  6.565442177  262.7961 
  6.571247166  264.62796 
  6.577052154  265.81943 
  6.582857143  266.29556 
  6.588662132  266.8436 
  6.594467120  267.05273 
  6.600272109  267.25342 
  6.606077098  267.80698 
  6.611882086  267.28525 
  6.617687075  267.05798 
  6.623492063  266.5366 
  6.629297052  265.16843 
  6.635102041  265.10703 
  6.640907029  264.11047 
  6.646712018  263.21606 
  6.652517007  262.24164 
  6.658321995  259.24564 
  6.664126984  254.64772 
  6.669931973  251.7678 
  6.675736961  250.84721 
  6.681541950  253.05644 
  6.878911565  253.82628 
  6.884716553  250.88902 
  6.890521542  250.4114 
  6.896326531  249.5736 
  6.902131519  248.10445 
  6.907936508  246.91107 
  6.913741497  244.60895 
  6.919546485  242.41902 
  6.925351474  239.96666 
  6.931156463  237.71487 
  6.936961451  236.90936 
  6.942766440  237.64838 
  6.948571429  239.7486 
  6.954376417  241.39273 
  6.960181406  242.41217 
  6.965986395  244.08348 
  6.971791383  246.3657 
  6.977596372  248.17508 
  6.983401361  250.12228 
  6.989206349  250.8852 
  6.995011338  252.01834 
  7.000816327  253.81328 
  7.006621315  255.99182 
  7.012426304  258.51144 
  7.018231293  261.49515 
  7.024036281  263.6198 
  7.029841270  265.64038 
  7.035646259  266.13 
  7.041451247  265.80133 
  7.047256236  265.3555 
  7.053061224  263.63998 
  7.058866213  262.60364 
  7.064671202  261.33435 
  7.070476190  259.75153 
  7.076281179  258.1919 
  7.082086168  257.15347 
  7.087891156  255.53056 
  7.093696145  254.41238 
  7.099501134  253.51466 
  7.105306122  252.21368 
  7.285260771  309.57153 
  7.291065760  304.43454 
  7.296870748  301.23288 
  7.302675737  302.397 
  7.308480726  302.36832 
  7.314285714  302.38193 
  7.320090703  302.85037 
  7.325895692  302.0575 
  7.331700680  300.75717 
  7.337505669  298.65982 
  7.343310658  295.86157 
  7.349115646  293.2651 
  7.354920635  290.78488 
  7.360725624  288.77808 
  7.366530612  286.95932 
  7.372335601  284.90518 
  7.378140590  283.53336 
  7.383945578  282.10126 
  7.389750567  280.91953 
  7.395555556  280.73596 
  7.401360544  281.0464 
  7.407165533  281.4292 
  7.412970522  281.98956 
  7.418775510  282.16003 
  7.424580499  282.0825 
  7.430385488  282.59103 
  7.436190476  283.4168 
  7.441995465  283.90207 
  7.447800454  285.04776 
  7.453605442  285.74234 
  7.459410431  286.47717 
  7.465215420  288.03052 
  7.471020408  288.80096 
  7.476825397  289.02167 
  7.482630385  289.07837 
  7.488435374  288.55853 
  7.494240363  288.05777 
  7.500045351  288.07047 
  7.505850340  288.36163 
  7.511655329  288.73032 
  7.517460317  288.79453 
  7.523265306  288.59375 
  7.529070295  287.82718 
  7.534875283  287.42746 
  7.540680272  286.98038 
  7.546485261  286.65085 
  7.552290249  286.57236 
  7.558095238  286.0912 
  7.563900227  285.6825 
  7.569705215  285.21646 
  7.575510204  284.85043 
  7.581315193  284.22983 
  7.587120181  283.48764 
  7.592925170  283.95114 
  7.598730159  283.05988 
  7.674195011  287.97104 
  7.680000000  288.6867 
  7.685804989  286.70728 
  7.691609977  287.15314 
  7.697414966  285.95132 
  7.703219955  282.53568 
  7.709024943  278.7981 
  7.714829932  287.0147 
  7.720634921  290.78134 
  7.726439909  294.1702 
  7.732244898  294.49875 
  7.738049887  293.88553 
  7.743854875  292.83502 
  7.749659864  291.77567 
  7.755464853  290.40326 
  7.761269841  289.82672 
  7.767074830  289.88354 
  7.772879819  289.76645 
  7.778684807  290.11014 
  7.784489796  290.09555 
  7.790294785  290.0484 
  7.796099773  289.98975 
  7.801904762  289.74338 
  7.807709751  289.33163 
  7.813514739  289.03217 
  7.819319728  288.39157 
  7.825124717  287.71643 
  7.830929705  287.24512 
  7.836734694  286.70712 
  7.842539683  286.33115 
  7.848344671  285.70734 
  7.854149660  284.97464 
  7.859954649  283.9912 
  7.865759637  283.69022 
  7.871564626  283.79877 
  7.877369615  284.5603 
  7.883174603  284.98593 
  7.888979592  284.82556 
  7.894784580  285.0478 
  7.900589569  285.22433 
  7.906394558  286.17764 
  7.912199546  286.79095 
  7.918004535  287.4742 
  7.923809524  287.98126 
  7.929614512  287.5568 
  7.935419501  287.18542 
  7.941224490  286.52902 
  7.947029478  286.56165 
  7.952834467  287.40265 
  7.958639456  288.37805 
  7.964444444  290.34363 
  7.970249433  291.4087 
  7.976054422  290.35373 
  7.981859410  287.08093 
  7.987664399  284.6861 
  8.103764172  247.712 
  8.109569161  248.57518 
  8.115374150  247.0444 
  8.121179138  247.84654 
  8.126984127  250.17018 
  8.132789116  251.45706 
  8.138594104  252.18588 
  8.144399093  252.79498 
  8.150204082  253.15248 
  8.156009070  253.54486 
  8.161814059  254.28911 
  8.167619048  254.60747 
  8.173424036  254.77957 
  8.179229025  254.88318 
  8.185034014  255.06723 
  8.190839002  255.45999 
  8.196643991  255.87036 
  8.202448980  256.5254 
  8.208253968  257.0794 
  8.214058957  257.1922 
  8.219863946  257.5952 
  8.225668934  257.5862 
  8.231473923  257.79688 
  8.237278912  258.15765 
  8.243083900  257.445 
  8.248888889  257.20224 
  8.254693878  256.70212 
  8.260498866  256.2026 
  8.266303855  256.81555 
  8.272108844  256.3994 
  8.277913832  256.71475 
  8.283718821  257.36734 
  8.289523810  257.4865 
  8.295328798  258.9785 
  8.301133787  259.80945 
  8.306938776  260.4354 
  8.312743764  261.17947 
  8.318548753  261.195 
  8.324353741  261.01288 
  8.330158730  260.98196 
  8.335963719  260.94736 
  8.341768707  261.47757 
  8.347573696  261.84695 
  8.353378685  262.31125 
  8.359183673  262.447 
  8.364988662  262.37875 
  8.370793651  262.14117 
  8.376598639  261.82565 
  8.382403628  261.21854 
  8.388208617  260.33505 
  8.394013605  259.8837 
  8.399818594  258.6111 
  8.405623583  257.4273 
  8.411428571  256.2646 
  8.417233560  254.95303 
  8.423038549  253.49208 
  8.428843537  252.23724 
  8.434648526  250.42052 
  8.440453515  249.49449 
  8.446258503  249.28712 
  8.452063492  249.86777 
  8.457868481  249.58563 
  8.463673469  249.33028 
  8.469478458  249.1991 
  8.475283447  249.00038 
  8.481088435  249.32999 
  8.486893424  250.7366 
  8.492698413  251.481 
  8.498503401  252.01175 
  8.504308390  252.67714 
  8.510113379  253.67467 
  8.515918367  253.67145 
  8.521723356  254.35774 
  8.527528345  255.48033 
  8.533333333  255.65567 
  8.539138322  256.08197 
  8.544943311  256.43158 
  8.550748299  255.66882 
  8.556553288  255.65196 
  8.562358277  255.92001 
  8.568163265  255.5192 
  8.573968254  255.7961 
  8.579773243  255.60652 
  8.585578231  255.50482 
  8.591383220  256.22015 
  8.597188209  255.97897 
  8.602993197  256.00162 
  8.608798186  255.44154 
  8.614603175  255.37575 
  8.620408163  256.01187 
  8.626213152  255.76923 
  8.632018141  257.13828 
  8.637823129  257.77017 
  8.643628118  259.1762 
  8.649433107  260.15524 
  8.655238095  260.20798 
  8.661043084  260.84012 
  8.666848073  261.29852 
  8.672653061  261.4503 
  8.678458050  262.45908 
  8.684263039  261.9158 
  8.690068027  260.76407 
  8.695873016  261.2179 
  8.701678005  261.1156 
  8.707482993  261.46793 
  8.713287982  261.81003 
  8.719092971  261.7675 
  8.724897959  261.29266 
  8.730702948  260.8852 
  8.736507937  260.80667 
  8.742312925  259.85596 
  8.748117914  259.71964 
  8.753922902  259.48248 
  8.759727891  259.32602 
  8.765532880  259.48294 
  8.771337868  259.37692 
  8.777142857  259.23962 
  8.782947846  256.8995 
  8.997732426  336.58432 
  9.003537415  330.4371 
  9.009342404  327.67056 
  9.015147392  325.6706 
  9.020952381  323.69464 
  9.026757370  322.21582 
  9.032562358  320.82953 
  9.038367347  319.98868 
  9.044172336  320.46347 
  9.049977324  321.2616 
  9.055782313  322.04324 
  9.061587302  322.8278 
  9.067392290  322.60538 
  9.073197279  323.0801 
  9.079002268  324.1393 
  9.084807256  325.61288 
  9.090612245  327.72086 
  9.096417234  330.36273 
  9.102222222  332.6481 
  9.108027211  335.64154 
  9.113832200  338.0835 
  9.119637188  339.77606 
  9.125442177  341.90604 
  9.131247166  343.58322 
  9.137052154  345.4852 
  9.142857143  347.43872 
  9.148662132  348.77805 
  9.154467120  350.20874 
  9.160272109  350.9712 
  9.166077098  351.71152 
  9.171882086  351.8785 
  9.177687075  351.38953 
  9.183492063  350.95724 
  9.189297052  349.87128 
  9.195102041  348.18137 
  9.200907029  346.16144 
  9.206712018  343.35715 
  9.212517007  340.613 
  9.218321995  339.174 
  9.224126984  338.95624 
  9.229931973  339.00583 
  9.235736961  338.53253 
  9.241541950  338.5033 
  9.247346939  338.61722 
  9.253151927  338.78738 
  9.258956916  339.95233 
  9.264761905  341.20496 
  9.270566893  342.5009 
  9.276371882  344.37747 
  9.282176871  345.65 
  9.287981859  346.9221 
  9.293786848  348.1642 
  9.299591837  349.244 
  9.305396825  349.18527 
  9.311201814  349.0923 
  9.317006803  348.536 
  9.322811791  347.96878 
  9.328616780  348.26398 
  9.334421769  347.89606 
  9.340226757  347.89954 
  9.346031746  347.99615 
  9.351836735  348.28717 
  9.357641723  348.49738 
  9.363446712  348.42145 
  9.369251701  348.00177 
  9.375056689  347.15585 
  9.380861678  346.91428 
  9.386666667  347.03967 
  9.392471655  346.6774 
  9.398276644  347.37222 
  9.404081633  349.1526 
  9.409886621  351.28268 
  9.415691610  355.89728 
  9.421496599  360.71967 
  9.427301587  359.3673 
  9.433106576  357.6253 
  9.438911565  356.22055 
  9.444716553  352.05945 
  9.450521542  348.16382 
  9.456326531  343.17007 
  9.462131519  340.15662 
  9.467936508  342.3796 
  9.473741497  343.31198 
  9.479546485  343.0699 
  9.485351474  347.0284 
  9.491156463  351.1711 
  9.496961451  358.33936 
  9.502766440  368.98386 
  9.508571429  377.99268 
  9.514376417  386.615 
  9.520181406  395.12122 
  9.525986395  401.3984 
  9.531791383  407.06873 
  9.537596372  409.10516 
  9.543401361  410.40717 
  9.549206349  410.0446 
  9.555011338  406.87665 
  9.560816327  407.8697 
  9.566621315  405.8228 
  9.572426304  403.8431 
  9.578231293  403.63123 
  9.584036281  396.2171 
  9.589841270  390.9104 
  9.595646259  386.65906 
  9.601451247  381.7458 
  9.607256236  378.07797 
  9.613061224  374.50702 
  9.618866213  371.48343 
  9.624671202  369.46957 
  9.630476190  367.32172 
  9.636281179  368.11 
  9.642086168  368.50455 
  9.647891156  370.1263 
  9.653696145  371.86865 
  9.659501134  373.15305 
  9.665306122  375.13235 
  9.671111111  376.44168 
  9.676916100  377.38773 
  9.682721088  378.4336 
  9.688526077  377.5213 
  9.694331066  374.7634 
  9.700136054  372.5722 
  9.705941043  364.74585 
  9.711746032  354.22888 
  9.717551020  344.8061 
  9.723356009  343.41418 
  9.862675737  438.73138 
  9.868480726  441.40863 
  9.874285714  444.62192 
  9.880090703  446.0402 
  9.885895692  448.40213 
  9.891700680  449.51303 
  9.897505669  449.08203 
  9.903310658  448.29404 
  9.909115646  448.42493 
  9.914920635  447.2095 
  9.920725624  447.09302 
  9.926530612  446.67828 
  9.932335601  445.42294 
  9.938140590  445.0868 
  9.943945578  442.91287 
  9.949750567  442.32648 
  9.955555556  441.27234 
  9.961360544  440.31778 
  9.967165533  440.43582 
  9.972970522  439.91922 
  9.978775510  440.01712 
  9.984580499  440.31183 
  9.990385488  440.53653 
  9.996190476  441.60028 
  10.001995465  442.4571 
  10.007800454  443.26956 
  10.013605442  443.09366 
  10.019410431  443.20578 
  10.025215420  442.9362 
  10.031020408  442.42377 
  10.036825397  443.1123 
  10.042630385  442.79803 
  10.048435374  442.11774 
  10.054240363  441.57532 
  10.060045351  440.8298 
  10.065850340  439.13098 
  10.071655329  438.5678 
  10.077460317  437.9655 
  10.083265306  436.91428 
  10.089070295  436.4046 
  10.094875283  435.52527 
  10.100680272  433.97635 
  10.106485261  433.47845 
  10.112290249  433.63037 
  10.118095238  433.70532 
  10.123900227  433.79755 
  10.129705215  434.1078 
  10.135510204  433.55072 
  10.141315193  432.61978 
  10.147120181  431.58206 
  10.152925170  430.24356 
  10.158730159  428.65384 
  10.164535147  427.77606 
  10.170340136  426.05402 
  10.176145125  424.15933 
  10.181950113  420.35938 
  10.187755102  416.21426 
  10.193560091  410.96362 
  10.199365079  408.06696 
  10.315464853  385.1463 
  10.321269841  398.62415 
  10.327074830  406.1368 
  10.332879819  409.53857 
  10.338684807  411.17404 
  10.344489796  412.6613 
  10.350294785  412.55942 
  10.356099773  411.81818 
  10.361904762  411.2554 
  10.367709751  410.26947 
  10.373514739  408.5423 
  10.379319728  406.21426 
  10.385124717  403.9638 
  10.390929705  401.85184 
  10.396734694  400.0449 
  10.402539683  398.0015 
  10.408344671  396.54913 
  10.414149660  394.71805 
  10.419954649  393.3684 
  10.425759637  392.49673 
  10.431564626  391.72748 
  10.437369615  391.40475 
  10.443174603  390.65695 
  10.448979592  390.2329 
  10.454784580  390.08255 
  10.460589569  390.07828 
  10.466394558  390.25543 
  10.472199546  390.40805 
  10.478004535  390.18152 
  10.483809524  390.1062 
  10.489614512  390.13855 
  10.495419501  390.4481 
  10.501224490  391.02515 
  10.507029478  391.53134 
  10.512834467  392.13165 
  10.518639456  392.79547 
  10.524444444  393.44507 
  10.530249433  393.99478 
  10.536054422  393.85416 
  10.541859410  393.89932 
  10.547664399  392.13553 
  10.553469388  390.68213 
  10.559274376  387.62903 
  10.565079365  378.77457 
  10.570884354  367.8989 
  10.576689342  366.4122 
  10.582494331  364.81152 
  10.588299320  359.9691 
  10.594104308  353.83157 
  10.599909297  342.06546 
  10.605714286  330.47327 
  10.611519274  327.92786 
  10.617324263  322.26752 
  10.623129252  319.33087 
  10.628934240  317.02563 
  10.634739229  321.96817 
  10.640544218  325.11407 
  10.646349206  325.29865 
  10.652154195  324.77148 
  10.657959184  324.68103 
  10.663764172  324.719 
  10.669569161  325.8626 
  10.675374150  327.73233 
  10.681179138  329.7174 
  10.686984127  332.53293 
  10.692789116  335.56943 
  10.698594104  338.7457 
  10.704399093  341.0712 
  10.710204082  342.26703 
  10.716009070  343.19858 
  10.721814059  342.41388 
  10.727619048  341.10513 
  10.733424036  339.6351 
  10.739229025  336.60046 
  10.745034014  334.2426 
  10.750839002  332.1601 
  10.756643991  330.58737 
  10.762448980  329.79935 
  10.768253968  328.19122 
  10.774058957  326.08066 
  10.779863946  324.59006 
  10.785668934  322.96948 
  10.791473923  322.37555 
  10.797278912  322.38678 
  10.803083900  322.4469 
  10.808888889  323.27332 
  10.814693878  324.098 
  10.820498866  324.41595 
  10.826303855  324.8075 
  10.832108844  325.92142 
  10.837913832  327.38187 
  10.843718821  329.18356 
  10.849523810  331.81433 
  10.855328798  333.80005 
  10.861133787  334.40714 
  10.866938776  334.36282 
  10.872743764  334.96606 
  10.878548753  336.01456 
  10.884353741  336.88187 
  10.890158730  337.9506 
  10.895963719  338.52164 
  10.901768707  338.88907 
  10.907573696  339.84677 
  10.913378685  340.31677 
  10.919183673  340.71326 
  10.924988662  340.80728 
  10.930793651  340.8743 
  10.936598639  340.83722 
  10.942403628  340.42636 
  10.948208617  340.55814 
  10.954013605  340.21924 
  10.959818594  340.97736 
  10.965623583  341.83408 
  10.971428571  342.5336 
  10.977233560  343.62103 
  10.983038549  343.2508 
  10.988843537  342.24823 
  10.994648526  341.9093 
  11.000453515  341.278 
  11.006258503  341.77664 
  11.012063492  342.5303 
  11.017868481  342.2727 
  11.023673469  342.83078 
  11.029478458  342.6049 
  11.035283447  342.84424 
  11.041088435  344.62122 
  11.046893424  345.95526 
  11.052698413  347.23322 
  11.058503401  347.69022 
  11.064308390  347.5498 
  11.070113379  347.3799 
  11.075918367  347.4099 
  11.081723356  347.35754 
  11.087528345  346.9412 
  11.093333333  346.04715 
  11.099138322  345.10437 
  11.104943311  344.08505 
  11.110748299  343.66675 
  11.116553288  343.77258 
  11.122358277  343.78415 
  11.128163265  344.81833 
  11.133968254  344.82648 
  11.139773243  344.50266 
  11.145578231  345.68323 
  11.151383220  344.74905 
  11.778321995  310.83624 
  11.784126984  302.28427 
  11.789931973  300.34998 
  11.795736961  298.67737 
  11.801541950  297.24774 
  11.807346939  296.81262 
  11.813151927  296.48056 
  11.818956916  296.68362 
  11.824761905  297.49136 
  11.830566893  298.95712 
  11.836371882  299.77188 
  11.842176871  300.9043 
  11.847981859  301.75278 
  11.853786848  302.3443 
  11.859591837  303.62943 
  11.865396825  304.3402 
  11.871201814  305.24622 
  11.877006803  306.41122 
  11.882811791  308.34714 
  11.888616780  311.86246 
  11.894421769  316.4848 
  11.900226757  322.5725 
  11.906031746  325.35208 
  11.911836735  327.91177 
  11.917641723  330.50208 
  11.923446712  332.69498 
  11.929251701  336.64737 
  11.935056689  339.08716 
  11.940861678  340.99432 
  11.946666667  343.29892 
  11.952471655  345.2378 
  11.958276644  346.92288 
  11.964081633  348.1126 
  11.969886621  348.75464 
  11.975691610  348.7291 
  11.981496599  348.7329 
  11.987301587  348.3994 
  11.993106576  348.32553 
  11.998911565  347.88312 
  12.004716553  347.52982 
  12.010521542  347.31595 
  12.016326531  347.25726 
  12.022131519  347.39435 
  12.027936508  347.79657 
  12.033741497  348.29224 
  12.039546485  348.82834 
  12.045351474  349.47388 
  12.051156463  349.99734 
  12.056961451  350.75696 
  12.062766440  351.11002 
  12.068571429  351.57516 
  12.074376417  351.87344 
  12.080181406  351.9604 
  12.085986395  352.22855 
  12.091791383  352.15195 
  12.097596372  352.13577 
  12.103401361  352.08502 
  12.109206349  351.74927 
  12.115011338  351.69785 
  12.120816327  351.31293 
  12.126621315  350.9338 
  12.132426304  350.2762 
  12.138231293  349.2039 
  12.144036281  348.00183 
  12.149841270  346.78815 
  12.155646259  345.82153 
  12.161451247  344.9517 
  12.167256236  344.21252 
  12.173061224  343.07834 
  12.178866213  341.95938 
  12.184671202  340.6094 
  12.190476190  339.7138 
  12.196281179  338.96747 
  12.202086168  338.05865 
  12.207891156  337.5247 
  12.213696145  335.9995 
  12.219501134  331.6224 
  12.225306122  317.3895 
  12.231111111  311.31482 
  12.236916100  315.94675 
  12.242721088  321.48676 
  12.248526077  322.04456 
  12.254331066  315.83426 
  12.260136054  307.72003 
  12.265941043  294.4078 
  12.271746032  291.63434 
  12.277551020  288.61734 
  12.283356009  288.1185 
  12.289160998  287.10196 
  12.294965986  282.89395 
  12.312380952  328.82455 
  12.318185941  327.6114 
  12.323990930  327.93848 
  12.329795918  327.5931 
  12.335600907  327.34995 
  12.341405896  327.51068 
  12.347210884  327.55066 
  12.353015873  326.7529 
  12.358820862  326.13776 
  12.364625850  326.1504 
  12.370430839  325.91516 
  12.376235828  326.21338 
  12.382040816  326.4707 
  12.387845805  326.47363 
  12.393650794  326.0602 
  12.399455782  325.27286 
  12.405260771  323.94855 
  12.411065760  322.3095 
  12.416870748  320.79 
  12.422675737  319.64194 
  12.428480726  318.80368 
  12.434285714  318.05304 
  12.440090703  317.5982 
  12.445895692  316.91418 
  12.451700680  316.38428 
  12.457505669  316.23413 
  12.463310658  315.68265 
  12.469115646  315.7559 
  12.474920635  315.67035 
  12.480725624  315.76617 
  12.486530612  316.74557 
  12.492335601  317.15076 
  12.498140590  317.9134 
  12.503945578  317.94705 
  12.509750567  316.08667 
  12.515555556  313.77554 
  12.521360544  309.85327 
  12.527165533  305.14435 
  12.532970522  301.77487 
  12.538775510  300.57083 
  12.544580499  297.13922 
  12.550385488  295.70502 
  12.556190476  295.2886 
  12.608435374  327.16626 
  12.614240363  325.91843 
  12.620045351  324.61395 
  12.625850340  325.19092 
  12.631655329  327.60333 
  12.637460317  331.63782 
  12.643265306  335.89304 
  12.649070295  339.25266 
  12.654875283  344.31985 
  12.660680272  349.19077 
  12.666485261  354.8533 
  12.672290249  359.6838 
  12.678095238  364.0881 
  12.683900227  366.67798 
  12.689705215  369.55457 
  12.695510204  370.6612 
  12.701315193  373.0113 
  12.707120181  376.28162 
  12.712925170  381.3664 
  12.718730159  392.89764 
  12.724535147  398.73825 
  12.730340136  400.31137 
  12.736145125  401.4833 
  12.741950113  400.2812 
  12.747755102  399.59396 
  12.753560091  398.154 
  12.759365079  394.73892 
  12.765170068  391.5849 
  12.770975057  389.2102 
  12.776780045  387.6431 
  12.782585034  386.24838 
  12.788390023  385.58148 
  12.794195011  385.28366 
  12.800000000  384.6599 
  12.805804989  385.28293 
  12.811609977  384.36246 
  12.817414966  385.91306 
  12.823219955  389.27908 
  12.829024943  390.69693 
  12.834829932  396.65176 
  12.840634921  401.13004 
  12.846439909  404.12048 
  12.852244898  407.0818 
  12.858049887  408.46655 
  12.863854875  409.0116 
  12.869659864  409.40488 
  12.875464853  409.93695 
  12.881269841  408.49365 
  12.887074830  406.16974 
  12.892879819  403.45035 
  12.898684807  399.88403 
  12.904489796  396.0786 
  12.910294785  392.83926 
  12.916099773  389.37 
  12.921904762  387.23706 
  12.927709751  385.84464 
  12.933514739  384.47913 
  12.939319728  383.7582 
  12.945124717  383.50845 
  12.950929705  383.89938 
  12.956734694  384.9453 
  12.962539683  386.9442 
  12.968344671  389.1531 
  12.974149660  390.47537 
  12.979954649  389.06897 
  12.985759637  383.5347 
  12.991564626  375.6027 
  12.997369615  368.7039 
  13.003174603  360.72382 
  13.008979592  351.78 
  13.014784580  346.49054 
  13.020589569  332.69882 
  13.026394558  320.24545 
  13.032199546  321.57214 
  13.038004535  320.23077 
  13.200544218  320.14728 
  13.206349206  309.70157 
  13.212154195  306.7772 
  13.217959184  306.23373 
  13.223764172  304.40756 
  13.229569161  303.19196 
  13.235374150  301.77423 
  13.241179138  300.1347 
  13.246984127  299.47437 
  13.252789116  298.93433 
  13.258594104  299.40778 
  13.264399093  299.51727 
  13.270204082  299.5905 
  13.276009070  300.2057 
  13.281814059  300.6827 
  13.287619048  301.22247 
  13.293424036  302.14206 
  13.299229025  302.67014 
  13.305034014  302.72086 
  13.310839002  302.7933 
  13.316643991  302.78662 
  13.322448980  303.83777 
  13.328253968  302.75543 
  13.334058957  301.8974 
  13.339863946  300.8161 
  13.345668934  298.67346 
  13.351473923  297.8565 
  13.357278912  297.08942 
  13.363083900  295.8168 
  13.368888889  294.97302 
  13.374693878  294.61295 
  13.380498866  294.18555 
  13.386303855  295.34317 
  13.392108844  296.64163 
  13.397913832  297.28333 
  13.403718821  298.4996 
  13.409523810  299.0937 
  13.415328798  299.19162 
  13.421133787  299.21463 
  13.426938776  299.24942 
  13.432743764  298.64856 
  13.438548753  298.5706 
  13.444353741  301.94876 
  13.450158730  303.53928 
  13.455963719  304.78235 
  13.461768707  305.02808 
  13.467573696  304.1742 
  13.473378685  303.7068 
  13.479183673  303.62814 
  13.484988662  303.84726 
  13.490793651  303.5482 
  13.496598639  303.4799 
  13.502403628  302.65475 
  13.508208617  304.03577 
  13.514013605  303.6512 
  13.519818594  301.5316 
  13.525623583  300.14294 
  13.531428571  298.24115 
  13.537233560  297.25366 
  13.543038549  296.61148 
  13.548843537  296.21436 
  13.554648526  295.70767 
  13.560453515  295.55225 
  13.566258503  295.8029 
  13.572063492  296.07312 
  13.577868481  296.3605 
  13.583673469  296.7386 
  13.589478458  296.78552 
  13.595283447  297.368 
  13.601088435  297.63657 
  13.606893424  297.81937 
  13.612698413  298.21893 
  13.618503401  298.3084 
  13.624308390  298.42725 
  13.630113379  298.6918 
  13.635918367  299.0784 
  13.641723356  299.3512 
  13.647528345  299.4719 
  13.653333333  299.29306 
  13.659138322  298.35626 
  13.664943311  297.541 
  13.670748299  296.64462 
  13.676553288  295.6927 
  13.682358277  295.27896 
  13.688163265  294.974 
  13.693968254  294.90897 
  13.699773243  294.9554 
  13.705578231  294.83368 
  13.711383220  294.45932 
  13.717188209  294.14807 
  13.722993197  294.34586 
  13.728798186  294.6812 
  13.734603175  295.52216 
  13.740408163  295.86163 
  13.746213152  296.18842 
  13.752018141  296.64105 
  13.757823129  297.07047 
  13.763628118  298.21967 
  13.769433107  298.86383 
  13.775238095  299.5847 
  13.781043084  299.87497 
  13.786848073  299.8314 
  13.792653061  299.67017 
  13.798458050  299.38528 
  13.804263039  299.00687 
  13.810068027  298.87076 
  13.815873016  298.65747 
  13.821678005  298.506 
  13.827482993  298.42773 
  13.833287982  297.91306 
  13.839092971  297.3799 
  13.844897959  297.28455 
  13.850702948  297.24988 
  13.856507937  297.38855 
  13.862312925  297.53198 
  13.868117914  297.1223 
  13.873922902  296.56754 
  13.879727891  295.69305 
  13.885532880  293.9403 
  13.891337868  292.99686 
  13.897142857  291.68933 
  13.902947846  291.573 
  13.908752834  292.33182 
  13.914557823  293.14862 
  13.920362812  297.18958 
  13.926167800  298.2435 
  13.931972789  296.18918 
  13.937777778  295.82007 
  13.943582766  295.08823 
  13.949387755  293.8189 
  13.955192744  292.3673 
  13.960997732  291.1973 
  13.966802721  292.5746 
  13.972607710  299.36694 
  13.978412698  307.17282 
  13.984217687  319.9783 
  13.990022676  326.9893 
  13.995827664  333.57065 
  14.001632653  340.67984 
  14.007437642  347.11346 
  14.013242630  353.0883 
  14.019047619  356.40555 
  14.024852608  356.61087 
  14.030657596  356.5539 
  14.036462585  356.4947 
  14.042267574  356.18207 
  14.048072562  356.52106 
  14.053877551  356.93903 
  14.059682540  356.8049 
  14.065487528  356.0158 
  14.071292517  355.22958 
  14.077097506  354.00183 
  14.082902494  352.60318 
  14.088707483  351.165 
  14.094512472  349.13605 
  14.100317460  347.90628 
  14.106122449  346.4157 
  14.111927438  345.5461 
  14.117732426  345.1048 
  14.123537415  344.20004 
  14.129342404  343.7251 
  14.135147392  343.17178 
  14.140952381  343.208 
  14.146757370  343.69827 
  14.152562358  343.99908 
  14.158367347  344.8598 
  14.164172336  345.24957 
  14.169977324  345.55417 
  14.175782313  345.9645 
  14.181587302  345.80716 
  14.187392290  345.74988 
  14.193197279  345.69043 
  14.199002268  345.63028 
  14.204807256  345.57318 
  14.210612245  345.49847 
  14.216417234  345.59616 
  14.222222222  345.36368 
  14.228027211  344.7773 
  14.233832200  343.7066 
  14.239637188  341.4092 
  14.245442177  338.9202 
  14.251247166  338.49188 
  14.257052154  338.01306 
  14.262857143  340.85312 
  14.268662132  343.21152 
  14.274467120  341.0753 
  14.280272109  340.9868 
  14.286077098  339.36786 
  14.291882086  339.25024 
  14.297687075  338.84473 
  14.303492063  338.45895 
  14.309297052  338.66934 
  14.315102041  337.87442 
  14.320907029  338.27255 
  14.326712018  337.13675 
  14.332517007  336.17783 
  14.338321995  334.23856 
  14.344126984  331.81766 
  14.349931973  330.0284 
  14.355736961  327.9738 
  14.361541950  326.69763 
  14.367346939  325.74722 
  14.373151927  325.48828 
  14.378956916  324.58688 
  14.384761905  323.52292 
  14.390566893  322.50635 
  14.396371882  321.89862 
  14.402176871  322.56635 
  14.407981859  323.11896 
  14.413786848  323.83694 
  14.419591837  324.18167 
  14.425396825  323.9637 
  14.431201814  323.73035 
  14.437006803  323.793 
  14.442811791  324.00134 
  14.448616780  325.02454 
  14.454421769  326.11957 
  14.460226757  326.74054 
  14.466031746  327.27737 
  14.471836735  327.20493 
  14.477641723  326.9664 
  14.483446712  326.97687 
  14.489251701  326.60498 
  14.495056689  327.083 
  14.500861678  327.56015 
  14.506666667  327.80453 
  14.512471655  328.42874 
  14.518276644  328.15753 
  14.524081633  327.83658 
  14.529886621  327.37454 
  14.535691610  327.27078 
  14.541496599  327.49173 
  14.547301587  327.23273 
  14.553106576  326.66873 
  14.558911565  326.01135 
  14.564716553  324.612 
  14.570521542  324.20798 
  14.576326531  323.93597 
  14.582131519  323.6082 
  14.587936508  323.97437 
  14.593741497  323.57965 
  14.599546485  323.6738 
  14.605351474  324.11334 
  14.611156463  324.44376 
  14.616961451  325.1186 
  14.622766440  325.84662 
  14.628571429  325.83667 
  14.634376417  325.8282 
  14.640181406  325.4783 
  14.645986395  325.2811 
  14.651791383  326.0769 
  14.657596372  326.92065 
  14.663401361  328.12833 
  14.669206349  328.90222 
  14.675011338  329.23367 
  14.680816327  329.2337 
  14.686621315  329.2033 
  14.692426304  328.69714 
  14.698231293  328.30417 
  14.704036281  328.094 
  14.709841270  327.59903 
  14.715646259  327.2115 
  14.721451247  326.46826 
  14.727256236  325.47635 
  14.733061224  324.4799 
  14.738866213  323.2589 
  14.744671202  322.24295 
  14.750476190  321.1239 
  14.756281179  319.83887 
  14.762086168  318.04642 
  14.767891156  315.82077 
  14.773696145  313.45947 
  14.779501134  310.2008 
  14.785306122  304.42252 
  14.791111111  297.0689 
  14.796916100  293.69284 
  14.802721088  291.36276 
  14.808526077  286.75903 
  14.814331066  283.31592 
  14.820136054  280.66885 
  14.825941043  282.50372 
  14.831746032  282.67926 
  14.837551020  284.62515 
  14.843356009  290.83136 
  14.849160998  288.9552 
  14.854965986  288.94528 
  14.860770975  289.20776 
  14.866575964  288.50723 
  14.872380952  288.21445 
  14.878185941  287.85712 
  14.883990930  287.48047 
  14.889795918  287.86804 
  14.895600907  288.44202 
  14.901405896  288.89392 
  14.907210884  289.55576 
  14.913015873  289.9255 
  14.918820862  290.025 
  14.924625850  290.00797 
  14.930430839  290.1404 
  14.936235828  289.6117 
  14.942040816  289.4371 
  14.947845805  289.4294 
  14.953650794  288.99765 
  14.959455782  289.0167 
  14.965260771  289.0942 
  14.971065760  288.8386 
  14.976870748  288.52454 
  14.982675737  287.88565 
  14.988480726  287.28424 
  14.994285714  286.90576 
  15.000090703  286.4894 
  15.005895692  286.17404 
  15.011700680  285.31564 
  15.017505669  284.08298 
  15.023310658  282.20102 
  15.029115646  279.70474 
  15.034920635  276.77914 
  15.040725624  273.35303 
  15.046530612  271.73468 
  15.052335601  265.61932 
  15.058140590  260.8544 
  15.168435374  291.00137 
  15.174240363  287.6081 
  15.180045351  281.2823 
  15.185850340  277.0082 
  15.191655329  273.84277 
  15.197460317  270.98547 
  15.203265306  269.70544 
  15.209070295  269.08762 
  15.214875283  268.65976 
  15.220680272  269.08884 
  15.226485261  268.71863 
  15.232290249  267.95224 
  15.238095238  267.2326 
  15.243900227  266.63885 
  15.249705215  266.5294 
  15.255510204  266.93112 
  15.261315193  267.1605 
  15.267120181  267.50552 
  15.272925170  267.21082 
  15.278730159  267.15057 
  15.284535147  267.64264 
  15.290340136  267.68665 
  15.296145125  267.35153 
  15.301950113  266.74765 
  15.307755102  265.5315 
  15.313560091  263.85916 
  15.319365079  263.18726 
  15.325170068  262.0016 
  15.330975057  261.82965 
  15.336780045  261.29816 
  15.342585034  260.7288 
  15.348390023  260.8566 
  15.354195011  260.2157 
  15.360000000  259.98422 
  15.365804989  259.80142 
  15.371609977  260.09824 
  15.377414966  260.8194 
  15.383219955  261.44412 
  15.389024943  262.65417 
  15.394829932  263.4417 
  15.400634921  263.3125 
  15.406439909  264.0078 
  15.412244898  263.649 
  15.418049887  263.13898 
  15.423854875  263.72668 
  15.429659864  264.13104 
  15.435464853  263.81055 
  15.441269841  262.53696 
  15.447074830  262.79074 
  15.452879819  266.12827 
  15.458684807  260.9403 
  15.464489796  261.4167 
  15.470294785  259.26425 
  15.476099773  258.3318 
  15.481904762  258.02542 
  15.487709751  257.11447 
  15.493514739  257.97122 
  15.499319728  258.36557 
  15.505124717  263.02548 
  15.510929705  266.4006 
  15.516734694  270.222 
  15.522539683  273.11124 
  15.528344671  275.0092 
  15.534149660  275.98187 
  15.539954649  275.1685 
  15.545759637  273.97818 
  15.551564626  272.24637 
  15.557369615  270.5767 
  15.563174603  268.2319 
  15.568979592  266.51657 
  15.574784580  269.37912 
  15.580589569  282.3856 
  15.586394558  289.27234 
  15.592199546  292.52176 
  15.598004535  295.6326 
  15.603809524  297.71405 
  15.609614512  298.14575 
  15.615419501  297.44598 
  15.621224490  296.01834 
  15.627029478  295.40045 
  15.632834467  295.5677 
  15.638639456  297.25983 
  15.644444444  300.11298 
  15.650249433  300.71555 
  15.656054422  300.2946 
  15.661859410  299.09286 
  15.667664399  297.81625 
  15.673469388  297.64932 
  15.679274376  297.4631 
  15.685079365  296.6894 
  15.690884354  295.81808 
  15.696689342  294.75903 
  15.702494331  293.62344 
  15.708299320  291.93237 
  15.714104308  290.80975 
  15.719909297  289.74692 
  15.725714286  288.40768 
  15.731519274  288.12015 
  15.737324263  287.63556 
  15.743129252  287.17792 
  15.748934240  286.72092 
  15.754739229  286.16418 
  15.760544218  286.08295 
  15.766349206  285.6042 
  15.772154195  285.61264 
  15.777959184  286.0434 
  15.783764172  285.54694 
  15.789569161  285.6694 
  15.795374150  285.68286 
  15.801179138  285.10223 
  15.806984127  285.97327 
  15.812789116  286.63968 
  15.818594104  287.8086 
  15.824399093  288.52484 
  15.830204082  290.66776 
  15.836009070  295.731 
  15.841814059  300.03586 
  15.847619048  300.6742 
  15.853424036  301.93927 
  15.859229025  302.28882 
  15.865034014  303.5 
  15.870839002  303.89188 
  15.876643991  303.3795 
  15.882448980  303.1998 
  15.888253968  302.28183 
  15.894058957  301.62326 
  15.899863946  300.21594 
  15.905668934  297.63773 
  15.911473923  294.1816 
  15.917278912  289.93625 
  15.923083900  283.7717 
  15.928888889  276.9159 
  15.934693878  270.51807 
  15.940498866  264.83762 
  15.946303855  261.73523 
  15.952108844  258.36777 
  15.957913832  256.51825 
  15.963718821  252.81224 
  15.969523810  251.97237 
  15.975328798  250.82394 
  15.981133787  249.82776 
  15.986938776  252.8134 
  15.992743764  253.44398 
  15.998548753  254.65086 
  16.004353741  255.73029 
  16.010158730  256.29373 
  16.015963719  256.80273 
  16.021768707  258.3397 
  16.027573696  259.55612 
  16.033378685  260.52213 
  16.039183673  261.4391 
  16.044988662  262.32532 
  16.050793651  261.8643 
  16.056598639  262.34836 
  16.062403628  263.17184 
  16.068208617  263.54364 
  16.074013605  263.96368 
  16.079818594  263.72388 
  16.085623583  262.7581 
  16.091428571  262.67184 
  16.097233560  262.34384 
  16.103038549  262.51334 
  16.108843537  262.83188 
  16.114648526  262.5523 
  16.120453515  262.7084 
  16.126258503  262.77512 
  16.132063492  262.98416 
  16.137868481  263.41705 
  16.143673469  263.86145 
  16.149478458  264.20465 
  16.155283447  263.99973 
  16.161088435  263.6209 
  16.166893424  262.89496 
  16.172698413  262.2553 
  16.178503401  261.70212 
  16.184308390  261.7822 
  16.190113379  261.92023 
  16.195918367  262.4704 
  16.201723356  262.92355 
  16.207528345  262.86078 
  16.213333333  262.70605 
  16.219138322  262.36508 
  16.224943311  262.49838 
  16.230748299  262.4451 
  16.236553288  262.6191 
  16.242358277  262.2164 
  16.248163265  261.66718 
  16.253968254  261.4586 
  16.259773243  261.25986 
  16.265578231  261.17477 
  16.271383220  260.88608 
  16.277188209  261.08057 
  16.282993197  261.2665 
  16.288798186  261.66455 
  16.294603175  262.27747 
  16.300408163  262.58963 
  16.306213152  263.2999 
  16.312018141  264.26697 
  16.317823129  265.00238 
  16.323628118  265.88538 
  16.329433107  265.82474 
  16.335238095  265.2914 
  16.341043084  264.1486 
  16.346848073  262.1544 
  16.352653061  259.05035 
  16.358458050  255.10936 
  16.364263039  252.0427 
  16.451337868  223.07457 
  16.457142857  221.75327 
  16.462947846  220.97801 
  16.468752834  220.0772 
  16.474557823  219.68443 
  16.480362812  219.3695 
  16.486167800  219.51672 
  16.491972789  219.79114 
  16.497777778  220.51486 
  16.503582766  221.37515 
  16.509387755  222.57848 
  16.515192744  223.93126 
  16.520997732  224.6508 
  16.526802721  226.01094 
  16.532607710  227.56837 
  16.538412698  228.78944 
  16.544217687  230.07831 
  16.550022676  230.54897 
  16.555827664  230.98276 
  16.561632653  231.64551 
  16.567437642  231.9779 
  16.573242630  232.76698 
  16.579047619  233.06537 
  16.584852608  233.35611 
  16.590657596  233.03809 
  16.596462585  231.86732 
  16.602267574  230.6718 
  16.608072562  230.31096 
  16.613877551  230.23283 
  16.619682540  230.436 
  16.625487528  231.13185 
  16.631292517  230.78801 
  16.637097506  230.65054 
  16.642902494  231.00264 
  16.648707483  231.52824 
  16.654512472  232.67834 
  16.660317460  233.81107 
  16.66612