
  0.597913832  227.99075 
  0.603718821  227.47955 
  0.609523810  226.08818 
  0.615328798  224.22533 
  0.621133787  227.12286 
  0.626938776  223.55605 
  0.632743764  223.54619 
  0.638548753  222.78085 
  0.644353741  219.08867 
  0.650158730  212.5399 
  0.655963719  209.8692 
  0.690793651  240.13683 
  0.696598639  248.71973 
  0.702403628  264.06284 
  0.708208617  270.6746 
  0.714013605  279.9599 
  0.719818594  285.0491 
  0.725623583  290.93793 
  0.731428571  295.54044 
  0.737233560  298.51926 
  0.743038549  300.1865 
  0.748843537  302.93698 
  0.754648526  305.74515 
  0.760453515  308.50092 
  0.766258503  310.64865 
  0.772063492  311.6643 
  0.777868481  311.84134 
  0.783673469  311.16406 
  0.789478458  310.01718 
  0.795283447  308.48187 
  0.801088435  302.70416 
  0.812698413  291.4414 
  0.818503401  289.3656 
  0.824308390  289.83014 
  0.830113379  285.90738 
  0.835918367  279.33066 
  0.841723356  279.49652 
  0.847528345  273.48532 
  0.853333333  287.45847 
  0.859138322  279.88565 
  0.864943311  285.27634 
  0.870748299  287.08194 
  0.876553288  288.87192 
  0.882358277  291.6964 
  0.888163265  291.8915 
  0.893968254  291.03537 
  0.899773243  289.81558 
  0.905578231  287.99033 
  0.911383220  284.91727 
  0.917188209  283.04382 
  0.922993197  282.98083 
  0.928798186  282.76648 
  0.934603175  278.25937 
  0.940408163  267.51483 
  0.946213152  263.95047 
  0.952018141  260.45624 
  0.957823129  258.13263 
  0.963628118  255.44957 
  0.969433107  254.4679 
  0.975238095  252.20932 
  0.981043084  251.16801 
  0.986848073  248.93623 
  0.992653061  247.3558 
  0.998458050  244.4926 
  1.004263039  243.8902 
  1.010068027  243.76675 
  1.015873016  246.34636 
  1.021678005  243.70753 
  1.027482993  239.43497 
  1.033287982  234.64384 
  1.039092971  229.2181 
  1.044897959  222.5351 
  1.050702948  214.55925 
  1.056507937  212.54068 
  1.062312925  212.57225 
  1.091337868  246.90857 
  1.097142857  250.9933 
  1.102947846  255.75737 
  1.108752834  259.85806 
  1.114557823  265.42554 
  1.120362812  270.66714 
  1.126167800  275.06076 
  1.131972789  278.36017 
  1.137777778  280.66312 
  1.143582766  282.83936 
  1.149387755  283.97574 
  1.155192744  285.09857 
  1.160997732  286.83148 
  1.166802721  288.28195 
  1.172607710  291.83768 
  1.178412698  293.4108 
  1.184217687  295.20477 
  1.190022676  299.54605 
  1.201632653  310.0376 
  1.207437642  310.19244 
  1.213242630  310.09933 
  1.219047619  308.76605 
  1.224852608  309.21912 
  1.230657596  307.92062 
  1.236462585  306.46613 
  1.242267574  305.27386 
  1.248072562  303.89682 
  1.253877551  302.64258 
  1.259682540  302.7636 
  1.265487528  302.8471 
  1.271292517  302.4076 
  1.277097506  302.9065 
  1.282902494  302.37262 
  1.288707483  302.33456 
  1.294512472  303.23087 
  1.300317460  303.9209 
  1.306122449  305.6687 
  1.311927438  306.35724 
  1.317732426  306.90195 
  1.323537415  307.02795 
  1.329342404  305.1763 
  1.335147392  303.53708 
  1.340952381  301.5225 
  1.346757370  299.5802 
  1.352562358  297.76248 
  1.358367347  295.9908 
  1.364172336  293.17163 
  1.369977324  287.65247 
  1.375782313  285.1697 
  1.503492063  279.36826 
  1.509297052  277.475 
  1.515102041  278.02847 
  1.520907029  275.85715 
  1.526712018  274.7486 
  1.532517007  273.86395 
  1.538321995  271.2442 
  1.544126984  271.0245 
  1.549931973  270.40073 
  1.555736961  270.15683 
  1.561541950  270.69382 
  1.567346939  270.50427 
  1.573151927  270.8427 
  1.578956916  270.99255 
  1.584761905  270.469 
  1.590566893  271.02246 
  1.596371882  271.90112 
  1.602176871  273.06564 
  1.607981859  275.20663 
  1.613786848  274.52698 
  1.619591837  273.98135 
  1.625396825  271.8915 
  1.631201814  269.80093 
  1.637006803  267.85367 
  1.642811791  264.9524 
  1.648616780  262.0741 
  1.654421769  259.76596 
  1.660226757  250.39949 
  1.666031746  251.44058 
  1.671836735  239.03603 
  1.677641723  244.5738 
  1.683446712  247.59467 
  1.689251701  249.35551 
  1.695056689  251.85516 
  1.700861678  252.23155 
  1.706666667  250.70348 
  1.712471655  248.59201 
  1.718276644  245.19273 
  1.724081633  241.947 
  1.729886621  237.9092 
  1.735691610  233.06122 
  1.741496599  228.64493 
  1.747301587  225.97525 
  1.753106576  224.00003 
  1.758911565  221.76393 
  1.764716553  225.17323 
  1.770521542  218.66635 
  1.776326531  215.91385 
  1.782131519  213.33594 
  1.787936508  209.75806 
  1.793741497  206.48874 
  1.799546485  202.99342 
  1.805351474  200.3177 
  1.811156463  198.97426 
  1.816961451  197.40485 
  1.822766440  196.58833 
  1.828571429  194.73035 
  1.834376417  193.2796 
  1.840181406  191.64883 
  1.845986395  189.45549 
  1.851791383  186.55455 
  1.857596372  183.80678 
  1.863401361  181.6484 
  1.869206349  179.99477 
  1.875011338  177.31032 
  1.880816327  174.26973 
  1.886621315  172.71062 
  1.892426304  171.22678 
  1.898231293  170.93379 
  1.904036281  170.07204 
  1.909841270  168.35625 
  1.915646259  167.27774 
  1.921451247  165.85146 
  1.927256236  164.8473 
  1.933061224  164.44414 
  1.938866213  163.91034 
  1.944671202  163.6367 
  1.950476190  163.48293 
  1.956281179  163.22835 
  3.651337868  201.83447 
  3.657142857  203.96855 
  3.662947846  206.30591 
  3.668752834  207.66284 
  3.674557823  208.61174 
  3.680362812  210.0062 
  3.686167800  210.31117 
  3.691972789  210.93587 
  3.697777778  210.75581 
  3.703582766  210.16103 
  3.709387755  209.7884 
  3.715192744  209.42383 
  3.720997732  209.64253 
  3.726802721  209.81201 
  3.732607710  209.86975 
  3.738412698  210.00656 
  3.744217687  209.78166 
  3.750022676  209.79614 
  3.755827664  209.94943 
  3.761632653  209.96161 
  3.767437642  210.44087 
  3.773242630  210.98723 
  3.779047619  211.43605 
  3.784852608  211.92036 
  3.790657596  211.68204 
  3.796462585  211.55603 
  3.802267574  211.27287 
  3.808072562  210.9603 
  3.813877551  211.10762 
  3.819682540  211.21591 
  3.825487528  210.934 
  3.831292517  210.7209 
  3.837097506  210.54918 
  3.842902494  210.2587 
  3.848707483  209.91061 
  3.854512472  208.30495 
  3.860317460  206.50122 
  3.866122449  204.4059 
  3.871927438  200.9306 
  3.929977324  225.82495 
  3.935782313  228.16403 
  3.941587302  233.12706 
  3.947392290  239.88606 
  3.953197279  242.46127 
  3.959002268  245.3878 
  3.964807256  247.69554 
  3.970612245  250.02863 
  3.976417234  252.41061 
  3.982222222  253.54439 
  3.988027211  257.85428 
  3.993832200  260.67145 
  3.999637188  264.40396 
  4.005442177  270.1972 
  4.011247166  277.18863 
  4.017052154  279.51984 
  4.022857143  282.84866 
  4.028662132  284.4271 
  4.034467120  287.87433 
  4.040272109  292.62668 
  4.046077098  296.13168 
  4.051882086  298.80313 
  4.057687075  300.63153 
  4.063492063  301.63263 
  4.069297052  302.24857 
  4.075102041  303.11804 
  4.080907029  303.5048 
  4.086712018  303.69376 
  4.092517007  303.7884 
  4.098321995  303.85226 
  4.104126984  304.14767 
  4.109931973  304.12592 
  4.115736961  303.8991 
  4.121541950  303.60297 
  4.127346939  302.8461 
  4.133151927  302.34415 
  4.138956916  301.65613 
  4.144761905  301.03998 
  4.150566893  300.31885 
  4.156371882  299.8995 
  4.162176871  299.14484 
  4.167981859  298.70093 
  4.173786848  297.92145 
  4.179591837  297.1677 
  4.185396825  296.53375 
  4.191201814  295.6621 
  4.197006803  294.3303 
  4.202811791  292.30377 
  4.208616780  290.40707 
  4.214421769  287.8272 
  4.220226757  285.40298 
  4.226031746  282.72348 
  4.231836735  281.98325 
  4.237641723  285.72168 
  4.243446712  284.07114 
  4.249251701  283.44455 
  4.255056689  283.3052 
  4.313106576  303.858 
  4.318911565  303.33005 
  4.324716553  297.97815 
  4.330521542  294.3706 
  4.336326531  291.72552 
  4.342131519  288.68433 
  4.347936508  286.26474 
  4.353741497  285.52762 
  4.359546485  285.89792 
  4.365351474  286.45468 
  4.371156463  286.93567 
  4.376961451  287.28226 
  4.382766440  287.02832 
  4.388571429  286.57236 
  4.394376417  286.88065 
  4.400181406  287.14005 
  4.405986395  287.7754 
  4.411791383  288.42404 
  4.417596372  288.68314 
  4.423401361  288.79047 
  4.429206349  288.57755 
  4.435011338  288.8468 
  4.440816327  289.38284 
  4.446621315  290.81577 
  4.452426304  291.8188 
  4.458231293  292.40833 
  4.464036281  292.82736 
  4.469841270  292.62305 
  4.475646259  292.6771 
  4.481451247  292.99915 
  4.487256236  293.86237 
  4.493061224  294.2758 
  4.498866213  294.15857 
  4.504671202  293.3602 
  4.510476190  291.7418 
  4.516281179  290.68524 
  4.522086168  289.28052 
  4.527891156  288.32477 
  4.533696145  290.9548 
  4.539501134  292.51947 
  4.545306122  290.1978 
  4.551111111  289.25348 
  4.556916100  290.38098 
  4.562721088  290.57504 
  4.568526077  290.4178 
  4.574331066  289.77994 
  4.580136054  289.11426 
  4.585941043  288.48642 
  4.591746032  287.91537 
  4.597551020  287.68954 
  4.603356009  287.33817 
  4.609160998  287.06198 
  4.614965986  287.03516 
  4.620770975  287.3506 
  4.626575964  287.66437 
  4.632380952  288.3193 
  4.638185941  288.86365 
  4.643990930  289.3289 
  4.649795918  290.14905 
  4.655600907  291.49457 
  4.661405896  293.55457 
  4.667210884  296.11136 
  4.673015873  299.10785 
  4.678820862  300.91946 
  4.684625850  301.22272 
  4.690430839  298.1958 
  4.696235828  294.3822 
  4.702040816  291.238 
  4.707845805  288.13495 
  4.713650794  285.74954 
  4.719455782  282.0782 
  4.725260771  278.8105 
  4.870385488  332.78104 
  4.876190476  329.14194 
  4.881995465  327.23947 
  4.887800454  329.66293 
  4.893605442  330.78934 
  4.899410431  330.28952 
  4.905215420  327.38828 
  4.911020408  324.1974 
  4.916825397  321.8747 
  4.922630385  318.59897 
  4.928435374  315.53287 
  4.934240363  313.61197 
  4.940045351  312.58118 
  4.945850340  312.14166 
  4.951655329  311.73724 
  4.957460317  311.5952 
  4.963265306  311.61734 
  4.969070295  311.66357 
  4.974875283  311.50128 
  4.980680272  311.09338 
  4.986485261  310.53296 
  4.992290249  310.1525 
  4.998095238  310.2241 
  5.003900227  310.03696 
  5.009705215  309.95944 
  5.015510204  309.7473 
  5.021315193  309.21628 
  5.027120181  309.00464 
  5.032925170  310.2086 
  5.038730159  310.72583 
  5.044535147  311.2771 
  5.050340136  312.17307 
  5.056145125  311.542 
  5.061950113  311.60437 
  5.067755102  311.95502 
  5.073560091  312.05728 
  5.079365079  312.26022 
  5.085170068  312.53302 
  5.090975057  312.33093 
  5.096780045  314.00247 
  5.102585034  314.93216 
  5.108390023  316.00012 
  5.114195011  317.98843 
  5.120000000  315.39868 
  5.125804989  311.63986 
  5.131609977  306.06393 
  5.137414966  298.22232 
  5.143219955  295.2502 
  5.149024943  291.0565 
  5.154829932  286.54733 
  5.160634921  278.96924 
  5.166439909  267.07114 
  5.172244898  267.5465 
  5.178049887  266.00848 
  5.183854875  263.887 
  5.189659864  262.21143 
  5.195464853  261.11594 
  5.201269841  257.35385 
  5.207074830  258.6016 
  5.212879819  262.43607 
  5.218684807  265.06088 
  5.224489796  267.0828 
  5.230294785  268.2475 
  5.236099773  268.74594 
  5.241904762  269.22992 
  5.247709751  269.54178 
  5.253514739  269.27188 
  5.259319728  268.88144 
  5.265124717  267.52142 
  5.270929705  266.21976 
  5.276734694  265.05063 
  5.282539683  264.3466 
  5.288344671  263.94165 
  5.294149660  263.70084 
  5.299954649  263.6444 
  5.305759637  263.3245 
  5.311564626  263.064 
  5.317369615  262.6398 
  5.323174603  262.05328 
  5.328979592  261.74915 
  5.334784580  261.47342 
  5.340589569  261.1872 
  5.346394558  260.76547 
  5.352199546  260.3762 
  5.358004535  259.9427 
  5.363809524  259.67496 
  5.369614512  259.39493 
  5.375419501  259.18076 
  5.381224490  258.54828 
  5.387029478  257.5588 
  5.392834467  256.87408 
  5.398639456  256.2883 
  5.404444444  255.52557 
  5.410249433  256.3384 
  5.416054422  257.64343 
  5.421859410  252.24913 
  5.427664399  237.84409 
  5.433469388  236.21292 
  5.439274376  231.75061 
  5.445079365  227.88477 
  5.450884354  222.87323 
  5.456689342  216.46481 
  5.462494331  212.16794 
  5.468299320  211.61449 
  5.474104308  210.80704 
  5.479909297  210.86357 
  5.485714286  210.08049 
  5.491519274  208.65125 
  5.497324263  207.20827 
  5.503129252  204.39839 
  5.508934240  202.83589 
  5.514739229  201.94507 
  5.520544218  202.04976 
  5.526349206  202.08612 
  5.532154195  202.07379 
  5.537959184  202.56335 
  5.543764172  203.59624 
  5.549569161  204.97714 
  5.555374150  206.57898 
  5.561179138  207.71577 
  5.566984127  208.892 
  5.572789116  209.86804 
  5.578594104  210.09044 
  5.584399093  210.32162 
  5.590204082  210.5903 
  5.596009070  210.50822 
  5.601814059  210.42943 
  5.607619048  210.19626 
  5.613424036  209.57747 
  5.619229025  208.84306 
  5.625034014  207.07886 
  5.630839002  205.01912 
  5.636643991  203.4305 
  5.642448980  202.12311 
  5.648253968  200.51628 
  5.654058957  199.35777 
  5.659863946  198.75629 
  5.665668934  198.58112 
  5.671473923  198.9397 
  5.677278912  199.71466 
  5.683083900  201.09698 
  5.688888889  203.05795 
  5.694693878  203.83084 
  5.700498866  203.83554 
  5.706303855  203.44504 
  5.712108844  203.04933 
  5.717913832  202.97432 
  5.723718821  203.78366 
  5.729523810  205.09676 
  5.735328798  205.66315 
  5.741133787  205.27687 
  5.746938776  204.84158 
  5.752743764  204.30609 
  5.758548753  203.10612 
  5.764353741  201.87144 
  5.770158730  200.42528 
  5.775963719  198.19241 
  5.781768707  196.3838 
  5.787573696  195.28723 
  5.793378685  194.35806 
  5.799183673  196.32356 
  5.804988662  196.20758 
  5.810793651  197.17851 
  5.816598639  201.77397 
  5.979138322  308.54352 
  5.984943311  300.87997 
  5.990748299  295.37012 
  5.996553288  291.15625 
  6.002358277  286.93906 
  6.008163265  282.86453 
  6.013968254  279.4615 
  6.019773243  277.30612 
  6.025578231  275.99646 
  6.031383220  274.5886 
  6.037188209  273.6414 
  6.042993197  273.21133 
  6.048798186  273.90674 
  6.054603175  274.42712 
  6.060408163  274.97708 
  6.066213152  275.78705 
  6.072018141  275.9971 
  6.077823129  276.41092 
  6.083628118  276.5859 
  6.089433107  276.65076 
  6.095238095  276.95456 
  6.101043084  277.16672 
  6.106848073  278.21313 
  6.112653061  279.2711 
  6.118458050  280.6501 
  6.124263039  282.32352 
  6.130068027  283.46558 
  6.135873016  285.12088 
  6.141678005  286.23148 
  6.147482993  286.7149 
  6.153287982  286.9765 
  6.159092971  286.9745 
  6.164897959  287.0747 
  6.170702948  287.18997 
  6.176507937  287.58658 
  6.182312925  288.0347 
  6.188117914  288.74887 
  6.193922902  289.5367 
  6.199727891  290.0788 
  6.205532880  289.88492 
  6.211337868  289.56375 
  6.217142857  288.93472 
  6.222947846  288.22757 
  6.228752834  288.41385 
  6.234557823  288.5903 
  6.240362812  288.63004 
  6.246167800  289.0919 
  6.251972789  289.1453 
  6.257777778  289.16 
  6.263582766  289.01157 
  6.269387755  288.7035 
  6.275192744  288.5886 
  6.280997732  288.2725 
  6.286802721  287.84995 
  6.292607710  287.36322 
  6.298412698  286.6693 
  6.304217687  285.9997 
  6.310022676  285.53183 
  6.315827664  284.96054 
  6.321632653  284.74802 
  6.327437642  284.40933 
  6.333242630  284.3754 
  6.339047619  284.23776 
  6.344852608  284.25797 
  6.350657596  284.62524 
  6.356462585  284.88116 
  6.362267574  285.835 
  6.368072562  286.82806 
  6.373877551  287.23703 
  6.379682540  288.41705 
  6.385487528  289.13885 
  6.391292517  290.09903 
  6.397097506  291.26065 
  6.402902494  291.93124 
  6.408707483  292.74173 
  6.414512472  293.2426 
  6.420317460  292.63995 
  6.426122449  291.42273 
  6.431927438  289.8645 
  6.437732426  287.78226 
  6.443537415  286.37653 
  6.449342404  285.8997 
  6.455147392  285.43692 
  6.460952381  284.8106 
  6.466757370  284.4128 
  6.472562358  283.6623 
  6.478367347  284.73816 
  6.484172336  290.00214 
  6.489977324  290.66956 
  6.942766440  306.39444 
  6.948571429  298.9228 
  6.954376417  292.02805 
  6.960181406  288.93378 
  6.965986395  281.5356 
  6.971791383  276.5723 
  6.977596372  269.69278 
  6.983401361  258.8352 
  6.989206349  257.6026 
  6.995011338  271.4993 
  7.000816327  272.63226 
  7.006621315  271.07394 
  7.012426304  268.02252 
  7.018231293  260.01297 
  7.024036281  257.43512 
  7.029841270  257.70145 
  7.035646259  256.32053 
  7.041451247  257.99832 
  7.082086168  311.77057 
  7.087891156  311.4627 
  7.093696145  313.80408 
  7.099501134  314.7466 
  7.105306122  314.8041 
  7.111111111  314.5456 
  7.116916100  314.9246 
  7.122721088  315.0192 
  7.128526077  315.3781 
  7.134331066  316.12106 
  7.140136054  316.0118 
  7.145941043  315.85132 
  7.151746032  315.6083 
  7.157551020  315.48734 
  7.163356009  316.20157 
  7.169160998  317.87744 
  7.174965986  319.05225 
  7.180770975  320.38763 
  7.186575964  321.31238 
  7.192380952  322.43265 
  7.198185941  326.42764 
  7.203990930  334.2018 
  7.209795918  338.3834 
  7.215600907  345.26312 
  7.221405896  351.4984 
  7.227210884  355.73373 
  7.233015873  365.15872 
  7.238820862  369.8603 
  7.244625850  375.89288 
  7.250430839  380.06052 
  7.256235828  382.6972 
  7.262040816  384.19934 
  7.267845805  382.9188 
  7.273650794  380.9175 
  7.279455782  379.98474 
  7.285260771  379.58945 
  7.291065760  379.81265 
  7.296870748  380.7888 
  7.302675737  380.01678 
  7.308480726  378.35803 
  7.314285714  376.24387 
  7.320090703  374.59415 
  7.325895692  373.88358 
  7.331700680  371.9398 
  7.337505669  370.18066 
  7.343310658  368.26816 
  7.349115646  365.8255 
  7.354920635  364.2073 
  7.360725624  362.2942 
  7.366530612  361.52594 
  7.372335601  361.3533 
  7.378140590  362.42685 
  7.383945578  364.31235 
  7.389750567  365.0344 
  7.395555556  365.58527 
  7.401360544  365.73386 
  7.407165533  366.09158 
  7.412970522  367.73886 
  7.418775510  369.33896 
  7.424580499  370.6988 
  7.430385488  371.59424 
  7.436190476  371.71768 
  7.441995465  370.9205 
  7.447800454  369.71872 
  7.453605442  366.4118 
  7.459410431  361.90344 
  7.465215420  355.71143 
  7.471020408  344.30774 
  7.476825397  334.16666 
  7.482630385  326.84158 
  7.610340136  374.63486 
  7.616145125  368.52734 
  7.621950113  373.9531 
  7.627755102  377.29712 
  7.633560091  379.2984 
  7.639365079  380.6847 
  7.645170068  379.88458 
  7.650975057  377.38385 
  7.656780045  375.093 
  7.662585034  372.93857 
  7.668390023  370.98883 
  7.674195011  369.3844 
  7.680000000  368.83838 
  7.685804989  368.04962 
  7.691609977  367.81744 
  7.697414966  368.07867 
  7.703219955  368.19708 
  7.709024943  368.93484 
  7.714829932  369.4044 
  7.720634921  369.80557 
  7.726439909  370.35556 
  7.732244898  371.1762 
  7.738049887  372.45935 
  7.743854875  373.5118 
  7.749659864  374.81244 
  7.755464853  375.58734 
  7.761269841  375.56107 
  7.767074830  375.19022 
  7.772879819  374.87402 
  7.778684807  375.0135 
  7.784489796  375.72665 
  7.790294785  376.5031 
  7.796099773  376.89935 
  7.801904762  377.0256 
  7.807709751  377.42603 
  7.813514739  378.0084 
  7.819319728  378.19104 
  7.825124717  378.00485 
  7.830929705  377.50595 
  7.836734694  376.82925 
  7.842539683  376.62454 
  7.848344671  376.59842 
  7.854149660  376.5827 
  7.859954649  376.82822 
  7.865759637  376.83847 
  7.871564626  376.46414 
  7.877369615  376.25388 
  7.883174603  376.0899 
  7.888979592  376.315 
  7.894784580  376.6489 
  7.900589569  377.56915 
  7.906394558  378.13644 
  7.912199546  378.74658 
  7.918004535  379.26324 
  7.923809524  379.04437 
  7.929614512  378.88663 
  7.935419501  374.79288 
  8.156009070  401.58215 
  8.161814059  395.20605 
  8.167619048  390.15955 
  8.173424036  388.06305 
  8.179229025  381.2815 
  8.185034014  371.20102 
  8.190839002  363.69675 
  8.196643991  367.91458 
  8.202448980  368.39374 
  8.208253968  368.08264 
  8.214058957  367.2534 
  8.219863946  366.30597 
  8.225668934  364.80023 
  8.231473923  362.83334 
  8.237278912  360.35648 
  8.243083900  358.38943 
  8.248888889  357.2918 
  8.254693878  356.20615 
  8.260498866  354.874 
  8.266303855  353.3487 
  8.272108844  352.27057 
  8.277913832  351.268 
  8.283718821  350.74606 
  8.289523810  350.66122 
  8.295328798  350.696 
  8.301133787  350.92743 
  8.306938776  351.1576 
  8.312743764  351.65186 
  8.318548753  352.48883 
  8.324353741  353.4939 
  8.330158730  354.72662 
  8.335963719  356.0559 
  8.341768707  357.07053 
  8.347573696  357.9072 
  8.353378685  358.69275 
  8.359183673  359.46487 
  8.364988662  360.80264 
  8.370793651  362.16718 
  8.376598639  363.52945 
  8.382403628  363.7549 
  8.388208617  361.23923 
  8.394013605  358.29706 
  8.399818594  354.7472 
  8.405623583  350.97723 
  8.411428571  345.3435 
  8.417233560  338.8538 
  8.423038549  330.51755 
  8.428843537  315.7648 
  8.510113379  281.4356 
  8.515918367  282.5995 
  8.521723356  281.79773 
  8.527528345  280.8752 
  8.533333333  280.4134 
  8.539138322  279.35004 
  8.544943311  278.88596 
  8.550748299  279.51828 
  8.556553288  279.53763 
  8.562358277  279.57504 
  8.568163265  279.52536 
  8.573968254  279.25082 
  8.579773243  279.3648 
  8.585578231  279.93933 
  8.591383220  280.4267 
  8.597188209  280.7984 
  8.602993197  281.12915 
  8.608798186  281.263 
  8.614603175  281.8435 
  8.620408163  282.004 
  8.626213152  282.11664 
  8.632018141  282.05026 
  8.637823129  281.7611 
  8.643628118  281.59875 
  8.649433107  281.74222 
  8.655238095  281.76056 
  8.661043084  281.7702 
  8.666848073  281.59717 
  8.672653061  281.08557 
  8.678458050  280.2468 
  8.684263039  280.3575 
  8.690068027  280.76724 
  8.695873016  280.78235 
  8.701678005  281.6915 
  8.707482993  281.99753 
  8.713287982  281.0403 
  8.719092971  281.66525 
  8.724897959  281.94186 
  8.730702948  283.44608 
  8.736507937  295.20374 
  8.742312925  297.65454 
  8.748117914  298.90353 
  8.753922902  300.47894 
  8.759727891  301.67477 
  8.765532880  302.65805 
  8.771337868  304.7327 
  8.777142857  306.70645 
  8.782947846  311.8471 
  8.788752834  324.0942 
  8.794557823  341.3249 
  8.800362812  350.01608 
  8.806167800  355.98907 
  8.811972789  360.64575 
  8.817777778  364.91443 
  8.823582766  368.26538 
  8.829387755  369.18088 
  8.835192744  369.97726 
  8.840997732  368.7531 
  8.846802721  366.53418 
  8.852607710  365.01105 
  8.858412698  363.1273 
  8.864217687  362.13593 
  8.870022676  361.55856 
  8.875827664  360.46313 
  8.881632653  359.078 
  8.887437642  357.5131 
  8.893242630  356.46027 
  8.899047619  355.56836 
  8.904852608  354.89655 
  8.910657596  355.08768 
  8.916462585  355.11835 
  8.922267574  355.2172 
  8.928072562  356.08694 
  8.933877551  357.24265 
  8.939682540  358.17825 
  8.945487528  359.59552 
  8.951292517  360.23227 
  8.957097506  360.37003 
  8.962902494  360.8915 
  8.968707483  360.45596 
  8.974512472  360.79443 
  8.980317460  360.70587 
  8.986122449  360.4331 
  8.991927438  360.27228 
  8.997732426  359.27887 
  9.003537415  358.08154 
  9.009342404  356.37234 
  9.015147392  355.27484 
  9.020952381  353.9437 
  9.026757370  352.6832 
  9.032562358  352.19257 
  9.038367347  351.49588 
  9.044172336  351.33023 
  9.049977324  351.4902 
  9.055782313  351.72202 
  9.061587302  352.69775 
  9.067392290  353.9257 
  9.073197279  355.38968 
  9.079002268  357.0231 
  9.084807256  358.6215 
  9.090612245  359.88843 
  9.096417234  361.2187 
  9.102222222  362.141 
  9.108027211  362.3384 
  9.113832200  362.77908 
  9.119637188  361.24603 
  9.125442177  359.29492 
  9.131247166  357.2713 
  9.137052154  354.36548 
  9.142857143  353.1712 
  9.148662132  351.59988 
  9.154467120  349.9841 
  9.160272109  349.697 
  9.166077098  349.12613 
  9.171882086  346.1664 
  9.177687075  339.9572 
  9.334421769  327.68738 
  9.340226757  322.5278 
  9.346031746  320.75192 
  9.351836735  320.18106 
  9.357641723  319.62173 
  9.363446712  320.806 
  9.369251701  322.07492 
  9.375056689  322.58264 
  9.380861678  322.553 
  9.386666667  321.87497 
  9.392471655  321.60962 
  9.398276644  321.0919 
  9.404081633  320.1064 
  9.409886621  320.31946 
  9.415691610  320.423 
  9.421496599  320.2114 
  9.427301587  320.5146 
  9.433106576  320.14655 
  9.438911565  319.22607 
  9.444716553  319.41162 
  9.450521542  319.9554 
  9.456326531  320.22717 
  9.462131519  321.4673 
  9.467936508  321.26367 
  9.473741497  320.9287 
  9.479546485  320.78336 
  9.485351474  321.28867 
  9.491156463  322.531 
  9.496961451  323.1431 
  9.502766440  323.62955 
  9.508571429  323.3532 
  9.514376417  322.6393 
  9.520181406  322.9016 
  9.525986395  323.08615 
  9.531791383  322.84564 
  9.537596372  322.582 
  9.543401361  322.78897 
  9.549206349  322.36728 
  9.555011338  322.13477 
  9.560816327  321.56873 
  9.566621315  320.84598 
  9.572426304  320.63846 
  9.578231293  321.05676 
  9.584036281  321.7723 
  9.589841270  322.10266 
  9.595646259  321.44583 
  9.601451247  320.56488 
  9.607256236  320.02658 
  9.613061224  319.68393 
  9.618866213  320.2325 
  9.624671202  320.57013 
  9.630476190  321.42694 
  9.636281179  321.7011 
  9.642086168  322.42566 
  9.647891156  322.8922 
  9.653696145  323.07205 
  9.659501134  323.04648 
  9.665306122  323.04358 
  9.671111111  322.72742 
  9.676916100  322.17688 
  9.682721088  321.93317 
  9.688526077  321.31934 
  9.694331066  321.7668 
  9.700136054  321.5225 
  9.705941043  322.00916 
  9.711746032  322.26874 
  9.717551020  322.09036 
  9.723356009  322.5977 
  9.729160998  323.0736 
  9.734965986  323.58395 
  9.740770975  324.56808 
  9.746575964  325.3771 
  9.752380952  325.84064 
  9.758185941  326.04807 
  9.763990930  326.85864 
  9.769795918  328.08652 
  9.775600907  328.7494 
  9.781405896  329.8626 
  9.787210884  330.2912 
  9.793015873  329.10226 
  9.798820862  327.04364 
  9.804625850  326.33023 
  9.810430839  325.23117 
  9.816235828  324.05832 
  9.822040816  324.75433 
  9.827845805  323.42557 
  10.292244898  321.39252 
  10.298049887  313.66858 
  10.303854875  309.80768 
  10.309659864  307.48886 
  10.315464853  304.32614 
  10.321269841  301.94196 
  10.327074830  301.10806 
  10.332879819  300.27338 
  10.338684807  299.51395 
  10.344489796  299.63263 
  10.350294785  299.87384 
  10.356099773  300.78702 
  10.361904762  303.39188 
  10.367709751  305.49838 
  10.373514739  308.50027 
  10.379319728  310.83136 
  10.385124717  312.8271 
  10.390929705  314.14145 
  10.396734694  313.91785 
  10.402539683  313.14658 
  10.408344671  312.08203 
  10.414149660  310.95972 
  10.419954649  310.64578 
  10.425759637  310.49545 
  10.431564626  311.07172 
  10.437369615  311.23383 
  10.443174603  312.19946 
  10.448979592  313.76047 
  10.454784580  315.83 
  10.460589569  318.83215 
  10.466394558  321.62067 
  10.472199546  324.32355 
  10.478004535  327.86792 
  10.483809524  332.80728 
  10.489614512  339.07938 
  10.495419501  347.2824 
  10.501224490  356.51324 
  10.507029478  365.62695 
  10.512834467  371.5719 
  10.518639456  376.55472 
  10.524444444  378.55515 
  10.530249433  379.2732 
  10.536054422  378.74484 
  10.541859410  377.22522 
  10.547664399  375.07343 
  10.553469388  372.38416 
  10.559274376  369.90878 
  10.565079365  367.06186 
  10.570884354  364.08218 
  10.576689342  361.53976 
  10.582494331  358.26605 
  10.588299320  355.24374 
  10.594104308  353.35168 
  10.599909297  351.76166 
  10.605714286  351.68848 
  10.611519274  351.4623 
  10.617324263  350.80545 
  10.623129252  351.1688 
  10.628934240  351.7114 
  10.634739229  353.5549 
  10.640544218  356.27283 
  10.646349206  358.06723 
  10.652154195  360.06024 
  10.657959184  361.23193 
  10.663764172  362.63654 
  10.669569161  363.62558 
  10.675374150  364.4529 
  10.681179138  365.1673 
  10.686984127  364.2821 
  10.692789116  363.35004 
  10.698594104  362.13855 
  10.704399093  360.022 
  10.710204082  358.16953 
  10.716009070  355.4861 
  10.721814059  352.4136 
  10.727619048  349.07156 
  10.733424036  346.40247 
  10.739229025  344.3817 
  10.745034014  342.82254 
  10.750839002  342.2633 
  10.756643991  342.16788 
  10.762448980  342.70575 
  10.768253968  343.62076 
  10.774058957  344.91934 
  10.779863946  346.36575 
  10.785668934  347.62378 
  10.791473923  348.66998 
  10.797278912  349.1154 
  10.803083900  349.56592 
  10.808888889  349.68326 
  10.814693878  349.77762 
  10.820498866  350.80588 
  10.826303855  349.96915 
  10.832108844  349.6466 
  10.837913832  348.94168 
  10.843718821  346.97617 
  10.849523810  346.9775 
  10.855328798  346.9028 
  10.861133787  347.11667 
  10.866938776  347.40848 
  10.872743764  347.18097 
  10.878548753  346.52524 
  10.884353741  345.672 
  10.890158730  345.5506 
  10.895963719  346.26837 
  10.901768707  346.63867 
  10.907573696  347.51855 
  10.913378685  348.47614 
  10.919183673  348.89594 
  10.924988662  349.72754 
  10.930793651  351.27203 
  10.936598639  352.3608 
  10.942403628  354.79523 
  10.948208617  356.61682 
  10.954013605  357.25336 
  10.959818594  357.66553 
  10.965623583  356.9351 
  10.971428571  356.45895 
  10.977233560  356.0356 
  10.983038549  355.47293 
  10.988843537  354.96432 
  10.994648526  354.5603 
  11.000453515  353.81772 
  11.006258503  352.33133 
  11.012063492  350.59952 
  11.017868481  348.87143 
  11.023673469  348.63495 
  11.029478458  349.58414 
  11.035283447  350.46533 
  11.041088435  350.709 
  11.046893424  350.8525 
  11.052698413  350.3412 
  11.058503401  351.3447 
  11.064308390  353.19257 
  11.070113379  353.23483 
  11.075918367  353.15152 
  11.081723356  351.11984 
  11.087528345  348.37817 
  11.093333333  345.78528 
  11.099138322  342.02325 
  11.104943311  338.90552 
  11.110748299  336.0154 
  11.116553288  331.154 
  11.122358277  327.49243 
  11.128163265  322.50085 
  11.133968254  315.20874 
  11.139773243  307.71762 
  11.145578231  305.81873 
  11.151383220  305.19937 
  11.157188209  302.39517 
  11.162993197  297.73297 
  11.168798186  301.30176 
  11.174603175  301.12592 
  11.180408163  302.3499 
  11.186213152  313.5675 
  11.192018141  323.95642 
  11.197823129  336.51108 
  11.203628118  350.201 
  11.209433107  357.39133 
  11.215238095  363.32474 
  11.221043084  367.9578 
  11.226848073  370.90396 
  11.232653061  373.8928 
  11.238458050  375.5121 
  11.244263039  377.50827 
  11.250068027  377.68808 
  11.255873016  377.56006 
  11.261678005  378.78076 
  11.267482993  378.5085 
  11.273287982  378.4749 
  11.279092971  379.46262 
  11.284897959  379.7029 
  11.290702948  380.5925 
  11.296507937  381.6005 
  11.302312925  381.4661 
  11.308117914  382.18185 
  11.313922902  382.46872 
  11.319727891  383.1314 
  11.325532880  383.6635 
  11.331337868  383.2686 
  11.337142857  382.64285 
  11.342947846  380.8182 
  11.348752834  377.46783 
  11.354557823  373.34576 
  11.360362812  365.29422 
  11.366167800  352.57117 
  11.470657596  422.36328 
  11.476462585  417.6206 
  11.482267574  415.77557 
  11.488072562  411.85083 
  11.493877551  406.71838 
  11.499682540  402.77213 
  11.505487528  398.0847 
  11.511292517  393.9438 
  11.517097506  392.30685 
  11.522902494  392.82468 
  11.528707483  394.3952 
  11.534512472  396.62918 
  11.540317460  398.58795 
  11.546122449  400.73022 
  11.551927438  403.34802 
  11.557732426  405.12177 
  11.563537415  406.66736 
  11.569342404  408.03488 
  11.575147392  410.26114 
  11.580952381  412.66815 
  11.586757370  415.03018 
  11.592562358  417.43317 
  11.598367347  417.66006 
  11.604172336  417.1377 
  11.609977324  417.46017 
  11.615782313  416.98932 
  11.621587302  417.39575 
  11.627392290  417.51926 
  11.633197279  416.43518 
  11.639002268  414.0012 
  11.644807256  408.6468 
  11.650612245  402.78983 
  11.656417234  395.55103 
  11.662222222  389.13538 
  11.668027211  380.10867 
  11.673832200  370.11063 
  11.679637188  361.90396 
  11.685442177  353.64688 
  11.691247166  339.42273 
  11.778321995  390.37234 
  11.784126984  388.91318 
  11.789931973  387.3 
  11.795736961  383.7779 
  11.801541950  375.7693 
  11.807346939  365.84436 
  11.813151927  359.36685 
  11.818956916  355.8781 
  11.824761905  353.3736 
  11.830566893  351.19455 
  11.836371882  349.55832 
  11.842176871  348.182 
  11.847981859  347.48737 
  11.853786848  347.5395 
  11.859591837  347.96777 
  11.865396825  348.05084 
  11.871201814  347.7754 
  11.877006803  347.96478 
  11.882811791  349.54785 
  11.888616780  350.4172 
  11.894421769  350.75983 
  11.900226757  350.32257 
  11.906031746  348.73163 
  11.911836735  346.7472 
  11.917641723  344.37903 
  11.923446712  339.4321 
  11.929251701  334.05408 
  11.935056689  328.6995 
  11.940861678  323.71536 
  11.946666667  316.95453 
  11.952471655  308.77124 
  11.958276644  296.87854 
  11.964081633  299.0577 
  11.969886621  306.1769 
  12.074376417  344.50485 
  12.080181406  338.31058 
  12.085986395  333.94247 
  12.091791383  328.0666 
  12.097596372  322.7509 
  12.103401361  318.94876 
  12.109206349  315.85864 
  12.115011338  314.20193 
  12.120816327  312.3704 
  12.126621315  312.61377 
  12.132426304  311.74698 
  12.138231293  311.18982 
  12.144036281  311.89926 
  12.149841270  312.0057 
  12.155646259  313.91638 
  12.161451247  314.78146 
  12.167256236  315.73947 
  12.173061224  316.91562 
  12.178866213  316.92938 
  12.184671202  317.7557 
  12.190476190  317.64404 
  12.196281179  317.23373 
  12.202086168  315.6419 
  12.207891156  312.9881 
  12.213696145  309.94617 
  12.219501134  303.53848 
  12.225306122  305.61984 
  12.231111111  306.98358 
  12.236916100  307.8799 
  12.242721088  309.5423 
  12.248526077  308.90897 
  12.254331066  308.79343 
  12.260136054  309.45667 
  12.265941043  308.13452 
  12.271746032  306.06665 
  12.277551020  304.1151 
  12.283356009  301.45798 
  12.289160998  299.14624 
  12.294965986  296.37366 
  12.300770975  293.28293 
  12.306575964  289.7587 
  12.312380952  288.48523 
  12.318185941  294.14572 
  12.323990930  295.46634 
  12.329795918  305.5888 
  12.335600907  321.1557 
  12.341405896  327.80402 
  12.347210884  331.30814 
  12.353015873  333.13556 
  12.358820862  333.71313 
  12.364625850  330.81903 
  12.370430839  327.12527 
  12.376235828  322.52768 
  12.382040816  319.03125 
  12.387845805  316.86304 
  12.393650794  315.57474 
  12.399455782  314.66766 
  12.405260771  314.0219 
  12.411065760  313.66315 
  12.416870748  313.68054 
  12.422675737  315.00244 
  12.428480726  315.56064 
  12.434285714  316.60568 
  12.440090703  316.153 
  12.445895692  314.39783 
  12.451700680  311.4893 
  12.457505669  307.25067 
  12.463310658  304.2721 
  12.469115646  299.1072 
  12.474920635  293.10367 
  12.480725624  292.57162 
  12.660680272  290.2149 
  12.666485261  281.33926 
  12.672290249  271.942 
  12.678095238  272.40717 
  12.683900227  273.7777 
  12.689705215  273.5361 
  12.695510204  273.78955 
  12.701315193  273.466 
  12.707120181  272.1335 
  12.712925170  271.37775 
  12.718730159  270.7796 
  12.724535147  270.21494 
  12.730340136  269.99948 
  12.736145125  269.73532 
  12.741950113  269.7575 
  12.747755102  269.7733 
  12.753560091  270.2014 
  12.759365079  271.07785 
  12.765170068  271.94083 
  12.770975057  273.13586 
  12.776780045  274.37625 
  12.782585034  276.18723 
  12.788390023  278.3985 
  12.794195011  280.41483 
  12.800000000  281.97568 
  12.805804989  282.21637 
  12.811609977  282.55106 
  12.817414966  283.40115 
  12.823219955  284.54935 
  12.829024943  285.4634 
  12.834829932  285.6972 
  12.840634921  285.5284 
  12.846439909  285.01233 
  12.852244898  284.37296 
  12.858049887  283.75012 
  12.863854875  282.47946 
  12.869659864  281.18155 
  12.875464853  279.5726 
  12.881269841  277.32645 
  12.887074830  274.96454 
  12.892879819  273.27432 
  12.898684807  272.0769 
  12.904489796  271.94632 
  12.910294785  271.52252 
  12.916099773  270.62283 
  12.921904762  269.83078 
  12.927709751  269.1627 
  12.933514739  269.8664 
  12.939319728  271.51135 
  12.945124717  272.5396 
  12.950929705  273.67255 
  12.956734694  273.99942 
  12.962539683  273.92502 
  12.968344671  274.54688 
  12.974149660  274.89908 
  12.979954649  275.41034 
  12.985759637  276.56906 
  12.991564626  276.67862 
  12.997369615  276.57968 
  13.003174603  276.46402 
  13.008979592  275.55347 
  13.014784580  276.10254 
  13.020589569  276.7189 
  13.026394558  277.15857 
  13.032199546  277.1156 
  13.038004535  275.53168 
  13.043809524  272.77374 
  13.049614512  269.33755 
  13.055419501  266.73566 
  13.061224490  265.87686 
  13.067029478  267.24014 
  13.072834467  267.25903 
  13.078639456  265.29752 
  13.084444444  260.87915 
  13.090249433  256.64044 
  13.096054422  250.44475 
  13.101859410  243.03531 
  13.107664399  235.002 
  13.113469388  228.45467 
  13.119274376  220.32501 
  13.125079365  213.58847 
  13.130884354  208.2192 
  13.136689342  202.72707 
  13.142494331  199.07059 
  13.148299320  196.57312 
  13.154104308  195.5521 
  13.159909297  195.41452 
  13.165714286  195.68811 
  13.171519274  197.39355 
  13.177324263  199.7357 
  13.183129252  203.31625 
  13.188934240  205.8722 
  13.194739229  207.32347 
  13.200544218  207.51953 
  13.206349206  208.55128 
  13.212154195  209.8227 
  13.217959184  211.33086 
  13.223764172  212.59238 
  13.229569161  213.24123 
  13.235374150  215.42659 
  13.241179138  216.4036 
  13.246984127  217.04669 
  13.252789116  217.29085 
  13.258594104  217.6324 
  13.264399093  217.28954 
  13.270204082  216.54245 
  13.276009070  216.23079 
  13.281814059  214.57477 
  13.287619048  212.93184 
  13.293424036  211.96477 
  13.299229025  210.75485 
  13.305034014  210.03111 
  13.310839002  210.1649 
  13.316643991  210.13412 
  13.322448980  209.72885 
  13.328253968  209.68129 
  13.334058957  209.94626 
  13.339863946  210.32463 
  13.345668934  211.17 
  13.351473923  211.96298 
  13.357278912  212.82016 
  13.363083900  213.64636 
  13.368888889  214.1811 
  13.374693878  214.45894 
  13.380498866  215.05017 
  13.386303855  215.19566 
  13.392108844  215.00267 
  13.397913832  214.92908 
  13.403718821  214.50128 
  13.409523810  214.09096 
  13.415328798  213.91339 
  13.421133787  213.41922 
  13.426938776  212.59738 
  13.432743764  211.41449 
  13.438548753  210.56116 
  13.444353741  209.93335 
  13.450158730  209.30794 
  13.455963719  208.28941 
  13.461768707  207.1453 
  13.467573696  205.8324 
  13.473378685  205.07277 
  13.479183673  204.77997 
  13.484988662  203.63376 
  13.490793651  203.20203 
  13.496598639  203.08504 
  13.502403628  202.60504 
  13.508208617  202.57132 
  13.514013605  202.62091 
  13.519818594  202.68744 
  13.525623583  202.75632 
  13.531428571  203.15051 
  13.537233560  203.76454 
  13.543038549  204.04393 
  13.548843537  205.38014 
  13.554648526  206.65152 
  13.560453515  207.10068 
  13.566258503  207.27345 
  13.572063492  207.32669 
  13.577868481  206.88692 
  13.583673469  206.1711 
  13.589478458  205.87282 
  13.595283447  204.91473 
  13.601088435  202.41429 
  13.752018141  300.43127 
  13.757823129  296.47964 
  13.763628118  291.7146 
  13.769433107  288.02307 
  13.775238095  285.46503 
  13.781043084  282.57596 
  13.786848073  280.05963 
  13.792653061  278.79312 
  13.798458050  277.37146 
  13.804263039  276.1357 
  13.810068027  275.0975 
  13.815873016  274.18512 
  13.821678005  273.28253 
  13.827482993  273.12134 
  13.833287982  273.24033 
  13.839092971  273.27908 
  13.844897959  273.53885 
  13.850702948  273.5619 
  13.856507937  273.7397 
  13.862312925  274.38144 
  13.868117914  276.1192 
  13.873922902  277.53665 
  13.879727891  279.19434 
  13.885532880  280.92795 
  13.891337868  281.75537 
  13.897142857  283.11307 
  13.902947846  284.40732 
  13.908752834  285.9383 
  13.914557823  287.6688 
  13.920362812  287.91348 
  13.926167800  287.80637 
  13.931972789  286.6496 
  13.937777778  285.1704 
  13.943582766  284.70505 
  13.949387755  284.0736 
  13.955192744  282.7793 
  13.960997732  281.80902 
  13.966802721  280.4708 
  13.972607710  278.6198 
  13.978412698  277.657 
  13.984217687  276.96158 
  13.990022676  276.65344 
  13.995827664  277.05103 
  14.001632653  277.22018 
  14.007437642  277.18588 
  14.013242630  277.40414 
  14.019047619  277.92484 
  14.024852608  278.6888 
  14.030657596  279.80896 
  14.036462585  280.87173 
  14.042267574  281.48334 
  14.048072562  282.20163 
  14.053877551  283.2425 
  14.059682540  284.3024 
  14.065487528  285.51797 
  14.071292517  286.33704 
  14.077097506  286.94702 
  14.082902494  287.13016 
  14.088707483  287.50684 
  14.094512472  287.91586 
  14.100317460  288.41144 
  14.106122449  288.54147 
  14.111927438  288.11252 
  14.117732426  287.07397 
  14.123537415  285.842 
  14.129342404  283.98785 
  14.135147392  281.98343 
  14.140952381  279.86606 
  14.146757370  278.1462 
  14.152562358  274.44348 
  14.158367347  271.17624 
  14.280272109  341.9582 
  14.286077098  345.23108 
  14.291882086  343.0458 
  14.297687075  340.28268 
  14.303492063  337.12225 
  14.309297052  332.301 
  14.315102041  328.83563 
  14.320907029  325.84756 
  14.326712018  323.53085 
  14.332517007  321.16928 
  14.338321995  319.27457 
  14.344126984  318.0365 
  14.349931973  316.99026 
  14.355736961  316.09683 
  14.361541950  315.67868 
  14.367346939  314.71487 
  14.373151927  314.14413 
  14.378956916  314.29678 
  14.384761905  313.9042 
  14.390566893  313.97528 
  14.396371882  314.1207 
  14.402176871  313.79926 
  14.407981859  313.05518 
  14.413786848  312.6057 
  14.419591837  312.17004 
  14.425396825  311.57007 
  14.431201814  311.4115 
  14.437006803  310.7872 
  14.442811791  310.1304 
  14.448616780  309.1112 
  14.454421769  308.15988 
  14.460226757  307.84503 
  14.466031746  307.90594 
  14.471836735  308.08154 
  14.477641723  308.10498 
  14.483446712  308.1918 
  14.489251701  307.85486 
  14.495056689  308.34854 
  14.500861678  309.10745 
  14.506666667  309.6998 
  14.512471655  310.34933 
  14.518276644  311.2337 
  14.524081633  311.47098 
  14.529886621  311.6315 
  14.535691610  312.27853 
  14.541496599  312.96497 
  14.547301587  313.82632 
  14.553106576  314.75186 
  14.558911565  315.16333 
  14.564716553  314.40582 
  14.570521542  313.21313 
  14.576326531  310.69183 
  14.582131519  307.57675 
  14.587936508  304.73846 
  14.593741497  301.44427 
  14.599546485  298.9879 
  14.605351474  294.46997 
  14.611156463  289.05304 
  14.616961451  281.40698 
  14.622766440  273.12466 
  14.628571429  270.88702 
  14.634376417  269.54413 
  14.640181406  269.3423 
  14.645986395  269.5504 
  14.651791383  268.25708 
  14.657596372  267.66125 
  14.663401361  268.705 
  14.669206349  269.7346 
  14.675011338  270.38113 
  14.680816327  271.6353 
  14.686621315  271.49496 
  14.692426304  271.25674 
  14.698231293  270.7152 
  14.704036281  269.14755 
  14.709841270  266.6948 
  14.715646259  265.66055 
  14.721451247  264.83224 
  14.727256236  264.62372 
  14.849160998  344.6401 
  14.854965986  335.46826 
  14.860770975  332.2763 
  14.866575964  328.4698 
  14.872380952  322.6235 
  14.878185941  319.71957 
  14.883990930  318.34897 
  14.889795918  317.27777 
  14.895600907  315.87347 
  14.901405896  314.67273 
  14.907210884  313.35358 
  14.913015873  312.4836 
  14.918820862  312.9062 
  14.924625850  313.62128 
  14.930430839  315.33853 
  14.936235828  317.93176 
  14.942040816  320.38992 
  14.947845805  323.2463 
  14.953650794  327.11725 
  14.959455782  330.6592 
  14.965260771  334.19745 
  14.971065760  337.39737 
  14.976870748  340.1447 
  14.982675737  342.9389 
  14.988480726  346.044 
  14.994285714  350.1427 
  15.000090703  353.56296 
  15.005895692  356.96982 
  15.011700680  359.26697 
  15.017505669  361.17722 
  15.023310658  361.28506 
  15.029115646  360.7657 
  15.034920635  359.3783 
  15.040725624  357.84326 
  15.046530612  355.82385 
  15.052335601  353.20764 
  15.058140590  352.2164 
  15.063945578  349.9846 
  15.069750567  349.26764 
  15.075555556  349.40335 
  15.081360544  347.86993 
  15.087165533  346.88284 
  15.092970522  346.63867 
  15.098775510  346.68213 
  15.104580499  346.777 
  15.110385488  347.77386 
  15.116190476  348.85373 
  15.121995465  349.82907 
  15.127800454  352.68927 
  15.133605442  352.89468 
  15.139410431  354.85577 
  15.145215420  354.41406 
  15.151020408  352.72723 
  15.156825397  352.00134 
  15.162630385  349.62524 
  15.168435374  348.6904 
  15.174240363  347.26053 
  15.180045351  347.23294 
  15.185850340  348.13376 
  15.191655329  348.08655 
  15.197460317  348.9554 
  15.203265306  349.0318 
  15.209070295  348.4565 
  15.214875283  348.77307 
  15.220680272  349.7624 
  15.226485261  350.9872 
  15.232290249  352.4404 
  15.238095238  353.00348 
  15.243900227  352.84207 
  15.249705215  351.93854 
  15.255510204  351.7317 
  15.261315193  351.60464 
  15.267120181  351.88303 
  15.272925170  352.68704 
  15.278730159  352.54532 
  15.284535147  352.35205 
  15.290340136  351.33926 
  15.296145125  350.05414 
  15.301950113  348.8595 
  15.307755102  347.56976 
  15.313560091  347.19318 
  15.319365079  347.6232 
  15.325170068  348.0376 
  15.330975057  348.31354 
  15.336780045  347.85278 
  15.342585034  346.76648 
  15.348390023  346.6167 
  15.354195011  347.11307 
  15.360000000  348.03503 
  15.365804989  350.22003 
  15.371609977  351.07788 
  15.377414966  351.07785 
  15.383219955  347.61865 
  15.389024943  337.2099 
  15.394829932  323.64456 
  15.400634921  313.5658 
  15.406439909  308.23285 
  15.412244898  305.96906 
  15.418049887  302.6753 
  15.423854875  301.63095 
  15.429659864  300.38245 
  15.435464853  297.84125 
  15.441269841  297.1858 
  15.447074830  298.3825 
  15.452879819  299.6653 
  15.458684807  302.18192 
  15.464489796  304.70737 
  15.470294785  306.3739 
  15.476099773  308.08908 
  15.481904762  309.33057 
  15.487709751  310.8574 
  15.493514739  312.08124 
  15.499319728  313.0704 
  15.505124717  314.93988 
  15.510929705  315.45233 
  15.516734694  316.7252 
  15.522539683  317.42404 
  15.528344671  316.62366 
  15.534149660  316.71402 
  15.539954649  315.75937 
  15.545759637  314.38803 
  15.551564626  312.93802 
  15.557369615  310.9384 
  15.563174603  310.17868 
  15.568979592  309.68768 
  15.574784580  309.7484 
  15.580589569  309.71304 
  15.586394558  309.31274 
  15.592199546  309.26474 
  15.598004535  309.53043 
  15.603809524  309.86624 
  15.609614512  311.41998 
  15.615419501  312.9929 
  15.621224490  314.3727 
  15.627029478  316.05157 
  15.632834467  316.75366 
  15.638639456  317.94077 
  15.644444444  318.92288 
  15.650249433  319.63312 
  15.656054422  319.85645 
  15.661859410  319.52686 
  15.667664399  319.26123 
  15.673469388  318.88266 
  15.679274376  319.12326 
  15.685079365  319.58832 
  15.690884354  319.34564 
  15.696689342  319.10544 
  15.702494331  318.31918 
  15.708299320  317.03244 
  15.714104308  316.36835 
  15.719909297  315.7099 
  15.725714286  315.26566 
  15.731519274  315.05966 
  15.737324263  314.6999 
  15.743129252  314.21744 
  15.748934240  313.58487 
  15.754739229  313.14038 
  15.760544218  312.72357 
  15.766349206  312.29263 
  15.772154195  312.0552 
  15.777959184  311.6321 
  15.783764172  310.92773 
  15.789569161  311.24667 
  15.795374150  311.4055 
  15.801179138  311.1801 
  15.806984127  311.22314 
  15.812789116  311.0334 
  15.818594104  311.38135 
  15.824399093  312.39917 
  15.830204082  313.62283 
  15.836009070  316.7645 
  15.841814059  314.6759 
  15.986938776  308.62744 
  15.992743764  298.87894 
  15.998548753  293.62796 
  16.004353741  291.2768 
  16.010158730  286.89316 
  16.015963719  282.00128 
  16.021768707  278.80542 
  16.027573696  276.25262 
  16.033378685  274.91074 
  16.039183673  275.2646 
  16.044988662  275.16547 
  16.050793651  275.60776 
  16.056598639  275.3103 
  16.062403628  274.63507 
  16.068208617  275.96533 
  16.074013605  276.72275 
  16.079818594  278.11075 
  16.085623583  279.37595 
  16.091428571  279.3241 
  16.097233560  279.90683 
  16.103038549  280.52954 
  16.108843537  281.0985 
  16.114648526  280.84 
  16.120453515  281.25513 
  16.126258503  281.09436 
  16.132063492  281.18448 
  16.137868481  282.2048 
  16.143673469  282.32275 
  16.149478458  282.6976 
  16.155283447  282.90268 
  16.161088435  283.2599 
  16.166893424  282.648 
  16.172698413  282.31354 
  16.178503401  281.7995 
  16.184308390  281.10852 
  16.190113379  281.02222 
  16.195918367  280.55997 
  16.201723356  279.75363 
  16.207528345  278.92123 
  16.213333333  278.1737 
  16.219138322  277.48166 
  16.224943311  277.26254 
  16.230748299  276.76584 
  16.236553288  276.14932 
  16.242358277  275.60242 
  16.248163265  275.3146 
  16.253968254  274.74927 
  16.259773243  274.81357 
  16.265578231  275.10687 
  16.271383220  275.41876 
  16.277188209  276.14542 
  16.282993197  276.96512 
  16.288798186  277.1959 
  16.294603175  277.39456 
  16.300408163  278.1952 
  16.306213152  278.2734 
  16.312018141  278.5504 
  16.317823129  278.93457 
  16.323628118  279.30606 
  16.329433107  279.7379 
  16.335238095  280.46582 
  16.341043084  281.31384 
  16.346848073  281.6963 
  16.352653061  282.00916 
  16.358458050  282.2208 
  16.364263039  282.3813 
  16.370068027  283.66727 
  16.375873016  283.92288 
  16.381678005  284.4193 
  16.387482993  284.6998 
  16.393287982  284.27835 
  16.399092971  284.21936 
  16.404897959  284.57568 
  16.410702948  284.27502 
  16.416507937  284.08142 
  16.422312925  283.6636 
  16.428117914  283.61902 
  16.433922902  283.29727 
  16.439727891  282.19275 
  16.445532880  283.04456 
  16.451337868  282.50412 
  16.457142857  282.7294 
  16.462947846  283.70715 
  16.468752834  283.44415 
  16.474557823  283.7901 
  16.480362812  284.0178 
  16.486167800  284.40698 
  16.491972789  285.135 
  16.497777778  285.76782 
  16.503582766  286.63208 
  16.509387755  288.14777 
  16.515192744  289.97516 
  16.520997732  292.0315 
  16.526802721  293.34915 
  16.532607710  291.70322 
  17.229206349  200.3417 
  17.235011338  198.58507 
  17.240816327  196.51744 
  17.246621315  194.13739 
  17.252426304  193.60254 
  17.258231293  192.58122 
  17.264036281  194.04085 
  17.269841270  198.13509 
  17.275646259  199.72412 
  17.281451247  201.82524 
  17.287256236  201.34866 
  17.293061224  201.6257 
  17.298866213  200.92442 
  17.304671202  197.46361 
  17.380136054  194.6069 
  17.385941043  200.77385 
  17.391746032  205.81952 
  17.397551020  206.64095 
  17.403356009  207.22554 
  17.409160998  207.82996 
  17.414965986  207.3447 
  17.420770975  207.89693 
  17.426575964  209.16702 
  17.432380952  210.45328 
  17.438185941  212.67746 
  17.443990930  213.65913 
  17.449795918  214.3849 
  17.455600907  214.99254 
  17.461405896  215.23595 
  17.467210884  215.58932 
  17.473015873  216.07611 
  17.478820862  215.99475 
  17.484625850  215.79486 
  17.490430839  215.02444 
  17.496235828  213.28638 
  17.502040816  211.63078 
  17.507845805  209.63605 
  17.513650794  208.31952 
  17.519455782  206.83221 
  17.525260771  205.56297 
  17.531065760  204.87589 
  17.536870748  204.68048 
  17.542675737  204.86888 
  17.548480726  205.87364 
  17.554285714  207.695 
  17.560090703  208.48181 
  17.565895692  210.90529 
  17.571700680  211.01137 
  17.577505669  211.36649 
  17.583310658  213.52892 
  17.589115646  211.98676 
  17.594920635  212.22925 
  17.676190476  269.97464 
  17.681995465  264.76382 
  17.687800454  274.2642 
  17.693605442  277.44193 
  17.699410431  277.67877 
  17.705215420  276.8819 
  17.711020408  277.64706 
  17.716825397  277.92795 
  17.722630385  278.065 
  17.728435374  276.96628 
  17.734240363  274.70914 
  17.740045351  271.05975 
  17.745850340  270.0772 
  17.751655329  269.31415 
  17.757460317  269.29498 
  17.763265306  269.53485 
  17.769070295  269.47913 
  17.774875283  269.9134 
  17.780680272  270.35187 
  17.786485261  270.60895 
  17.792290249  270.87827 
  17.798095238  270.97702 
  17.803900227  271.28986 
  17.809705215  272.04132 
  17.815510204  272.58463 
  17.821315193  273.72012 
  17.827120181  274.3671 
  17.832925170  275.33102 
  17.838730159  276.38855 
  17.844535147  277.54868 
  17.850340136  278.36975 
  17.856145125  278.30948 
  17.861950113  277.78714 
  17.867755102  277.30588 
  17.873560091  276.0208 
  17.879365079  271.45898 
  17.885170068  277.73685 
  17.890975057  279.32135 
  17.896780045  280.14978 
  17.902585034  282.4761 
  17.908390023  283.81113 
  17.914195011  283.1774 
  17.920000000  282.3159 
  17.925804989  280.95944 
  17.931609977  279.60532 
  17.937414966  279.10367 
  17.943219955  278.83643 
  17.949024943  278.763 
  17.954829932  278.58472 
  17.960634921  278.5105 
  17.966439909  278.70654 
  17.972244898  279.12064 
  17.978049887  279.67505 
  17.983854875  280.57162 
  17.989659864  281.4232 
  17.995464853  282.0299 
  18.001269841  282.74808 
  18.007074830  283.23877 
  18.012879819  283.23654 
  18.018684807  283.44223 
  18.024489796  283.5815 
  18.030294785  283.72372 
  18.036099773  283.96765 
  18.041904762  283.41766 
  18.047709751  282.31805 
  18.053514739  280.72812 
  18.059319728  278.0295 
  18.065124717  275.46664 
  18.070929705  267.39124 
  18.076734694  274.78458 
  18.082539683  278.06958 
  18.227664399  298.45905 
  18.233469388  294.12918 
  18.239274376  293.4196 
  18.245079365  296.07623 
  18.250884354  295.97952 
  18.256689342  296.0702 
  18.262494331  296.32986 
  18.268299320  295.21997 
  18.274104308  294.93668 
  18.279909297  294.20938 
  18.285714286  292.3924 
  18.291519274  288.76343 
  18.297324263  279.35406 
  18.303129252  270.3788 
  18.308934240  268.4927 
  18.314739229  268.36725 
  18.320544218  266.58292 
  18.326349206  267.01572 
  18.332154195  265.26834 
  18.337959184  265.82333 
  18.343764172  266.7768 
  18.349569161  271.14685 
  18.355374150  275.45395 
  18.361179138  280.1794 
  18.366984127  282.79645 
  18.372789116  286.2003 
  18.378594104  287.86276 
  18.384399093  288.84503 
  18.390204082  290.72787 
  18.396009070  291.88632 
  18.401814059  294.5922 
  18.407619048  299.73746 
  18.413424036  306.60602 
  18.419229025  313.60706 
  18.425034014  320.24585 
  18.430839002  326.68066 
  18.436643991  331.5668 
  18.442448980  335.699 
  18.448253968  336.47543 
  18.454058957  335.4324 
  18.459863946  333.50687 
  18.465668934  331.45496 
  18.471473923  328.90796 
  18.477278912  326.23206 
  18.483083900  323.2753 
  18.488888889  321.041 
  18.494693878  318.93228 
  18.500498866  317.7878 
  18.506303855  317.03305 
  18.512108844  316.15646 
  18.517913832  315.09183 
  18.523718821  314.53998 
  18.529523810  313.96643 
  18.535328798  313.90466 
  18.541133787  314.07285 
  18.546938776  313.98022 
  18.552743764  313.85257 
  18.558548753  313.27908 
  18.564353741  313.1332 
  18.570158730  312.62842 
  18.575963719  312.4805 
  18.581768707  312.47906 
  18.587573696  312.63556 
  18.593378685  313.1774 
  18.599183673  313.63687 
  18.604988662  314.2946 
  18.610793651  314.7597 
  18.616598639  314.89365 
  18.622403628  315.10767 
  18.628208617  314.91116 
  18.634013605  314.08652 
  18.639818594  313.1269 
  18.645623583  311.6295 
  18.651428571  310.20627 
  18.657233560  307.243 
  18.663038549  300.5492 
  18.668843537  295.8159 
  18.674648526  288.93948 
  18.680453515  282.38208 
  18.686258503  275.726 
  18.692063492  277.4773 
  18.697868481  272.626 
  18.703673469  272.42566 
  18.709478458  270.7801 
  18.715283447  270.01767 
  18.721088435  276.51578 
  18.726893424  275.69763 
  18.732698413  277.3444 
  18.738503401  277.4258 
  18.744308390  278.31467 
  18.750113379  276.92203 
  18.755918367  274.14142 
  18.761723356  270.98932 
  18.767528345  266.54712 
  18.773333333  263.74698 
  18.779138322  261.4905 
  18.784943311  260.5047 
  18.790748299  259.76807 
  18.796553288  258.62152 
  18.802358277  254.78532 
  18.808163265  252.82991 
  18.813968254  253.90036 
  18.819773243  254.23718 
  18.825578231  256.25668 
  18.831383220  257.94516 
  18.837188209  259.12006 
  18.842993197  259.42535 
  18.848798186  259.88898 
  18.854603175  258.6823 
  18.860408163  256.41696 
  18.866213152  254.53279 
  18.872018141  250.7127 
  18.877823129  248.58134 
  18.883628118  245.9074 
  18.889433107  243.6298 
  18.895238095  240.52893 
  18.901043084  237.54842 
  18.906848073  233.15034 
  18.912653061  230.38509 
  18.918458050  227.88496 
  18.924263039  225.7459 
  18.930068027  221.68773 
  18.935873016  219.34724 
  18.941678005  214.66629 
  18.947482993  213.54231 
  18.953287982  214.6407 
  18.959092971  215.62328 
  18.964897959  217.4359 
  18.970702948  218.58722 
  18.976507937  216.9831 
  18.982312925  216.30962 
  18.988117914  214.839 
  18.993922902  214.61006 
  18.999727891  213.81078 
  19.005532880  212.62968 
  19.011337868  211.89925 
  19.017142857  214.52264 
  19.022947846  218.10867 
  19.028752834  219.11925 
  19.034557823  218.75688 
  19.040362812  217.85512 
  19.046167800  217.0326 
  19.051972789  216.20058 
  19.057777778  215.77512 
  19.063582766  215.23642 
  19.069387755  215.44469 
  19.075192744  215.82979 
  19.080997732  216.2873 
  19.086802721  217.08466 
  19.092607710  217.26486 
  19.098412698  217.27954 
  19.104217687  217.15895 
  19.110022676  216.89532 
  19.115827664  216.66827 
  19.121632653  216.67572 
  19.127437642  216.55754 
  19.133242630  216.29724 
  19.139047619  216.3653 
  19.144852608  215.79967 
  19.150657596  215.63443 
  19.156462585  215.50581 
  19.162267574  214.73042 
  19.168072562  214.49525 
  19.173877551  213.63553 
  19.179682540  213.07672 
  19.185487528  212.868 
  19.191292517  213.01846 
  19.197097506  212.96738 
  19.202902494  212.88843 
  19.208707483  212.54216 
  19.214512472  212.23653 
  19.220317460  211.96875 
  19.226122449  212.2641 
  19.231927438  212.4835 
  19.237732426  212.65547 
  19.243537415  213.25084 
  19.249342404  213.00534 
  19.255147392  213.23187 
  19.260952381  213.15895 
  19.266757370  212.76561 
  19.272562358  212.59991 
  19.278367347  212.16501 
  19.284172336  211.75122 
  19.289977324  211.72849 
  19.295782313  211.45999 
  19.301587302  211.22867 
  19.307392290  211.17967 
  19.313197279  210.70288 
  19.319002268  210.96283 
  19.324807256  210.90764 
  19.330612245  210.78706 
  19.336417234  210.8559 
  19.342222222  210.32086 
  19.348027211  210.58751 
  19.353832200  209.79022 
  19.359637188  209.414 
  19.365442177  209.05074 
  19.533786848  303.67368 
  19.539591837  300.25888 
  19.545396825  298.92184 
  19.551201814  296.85757 
  19.557006803  295.80362 
  19.562811791  294.91986 
  19.568616780  293.52536 
  19.574421769  291.83765 
  19.580226757  290.54593 
  19.586031746  289.81076 
  19.591836735  290.29333 
  19.597641723  290.72958 
  19.603446712  291.4002 
  19.609251701  291.3141 
  19.615056689  290.04245 
  19.620861678  290.01218 
  19.626666667  289.3654 
  19.632471655  289.4517 
  19.638276644  290.2863 
  19.644081633  290.29788 
  19.649886621  290.92664 
  19.655691610  289.91165 
  19.661496599  289.09982 
  19.667301587  287.82883 
  19.673106576  285.88266 
  19.678911565  285.02335 
  19.684716553  284.5733 
  19.690521542  283.6145 
  19.696326531  282.2708 
  19.702131519  280.55356 
  19.707936508  278.979 
  19.713741497  277.90817 
  19.719546485  276.87692 
  19.725351474  276.72745 
  19.731156463  276.7003 
  19.736961451  276.44928 
  19.742766440  277.27924 
  19.748571429  277.67142 
  19.754376417  278.2618 
  19.760181406  279.40652 
  19.765986395  279.90332 
  19.771791383  280.9209 
  19.777596372  281.38303 
  19.783401361  281.81244 
  19.789206349  282.30124 
  19.795011338  282.69736 
  19.800816327  283.4556 
  19.806621315  283.87292 
  19.812426304  284.03625 
  19.818231293  284.1378 
  19.824036281  282.9868 
  19.829841270  282.96103 
  19.835646259  282.83258 
  19.841451247  282.51453 
  19.847256236  283.12207 
  19.853061224  282.64984 
  19.858866213  282.86258 
  19.864671202  283.04822 
  19.870476190  283.5157 
  19.876281179  284.06146 
  19.882086168  284.62912 
  19.887891156  285.2664 
  19.893696145  286.59775 
  19.899501134  287.54196 
  19.905306122  288.6639 
  19.911111111  290.4521 
  19.916916100  291.50934 
  19.922721088  292.32748 
  19.928526077  293.7931 
  19.934331066  294.39062 
  19.940136054  294.20236 
  19.945941043  294.76492 
  19.951746032  294.13657 
  19.957551020  293.7479 
  19.963356009  293.96622 
  19.969160998  293.0697 
  19.974965986  294.88364 
  19.980770975  288.881 
  20.549659864  312.99908 
  20.555464853  306.23633 
  20.561269841  298.04163 
  20.567074830  294.82617 
  20.572879819  290.9405 
  20.578684807  285.81802 
  20.584489796  283.3452 
  20.590294785  278.37613 
  20.596099773  270.73782 
  20.601904762  260.27008 
  20.607709751  259.70886 
  20.613514739  258.34583 
  20.619319728  256.7101 
  20.625124717  256.48914 
  20.630929705  258.564 
  20.636734694  262.17084 
  20.659954649  305.67953 
  20.665759637  309.42004 
  20.671564626  308.0265 
  20.677369615  307.49023 
  20.683174603  307.12708 
  20.688979592  306.23596 
  20.694784580  305.3068 
  20.700589569  304.6359 
  20.706394558  304.5117 
  20.712199546  304.25897 
  20.718004535  304.7439 
  20.723809524  305.21765 
  20.729614512  305.64484 
  20.735419501  305.98517 
  20.741224490  306.3172 
  20.747029478  307.24362 
  20.752834467  308.40115 
  20.758639456  310.45798 
  20.764444444  312.79956 
  20.770249433  314.54892 
  20.776054422  316.53165 
  20.781859410  319.0059 
  20.787664399  322.58023 
  20.793469388  326.35663 
  20.799274376  330.8034 
  20.805079365  335.1707 
  20.810884354  339.20267 
  20.816689342  343.9923 
  20.822494331  348.98727 
  20.828299320  352.2695 
  20.834104308  355.14822 
  20.839909297  356.7 
  20.845714286  357.46677 
  20.851519274  358.2416 
  20.857324263  358.1485 
  20.863129252  357.76868 
  20.868934240  356.8788 
  20.874739229  355.2115 
  20.880544218  353.75073 
  20.886349206  352.5962 
  20.892154195  351.08688 
  20.897959184  350.05014 
  20.903764172  349.32916 
  20.909569161  348.54105 
  20.915374150  348.44708 
  20.921179138  349.02493 
  20.926984127  349.9912 
  20.932789116  351.20428 
  20.938594104  352.4487 
  20.944399093  353.21414 
  20.950204082  354.2909 
  20.956009070  355.78787 
  20.961814059  356.71326 
  20.967619048  356.98105 
  20.973424036  356.2776 
  20.979229025  354.27786 
  20.985034014  352.8169 
  20.990839002  352.1255 
  20.996643991  351.83112 
  21.002448980  352.2046 
  21.008253968  351.68878 
  21.014058957  350.74866 
  21.019863946  349.6929 
  21.025668934  348.44772 
  21.031473923  347.28903 
  21.037278912  345.1897 
  21.043083900  340.62445 
  21.048888889  331.9422 
  21.054693878  324.61853 
  21.060498866  321.0628 
  21.066303855  310.81985 
  21.072108844  310.29593 
  21.228843537  341.6036 
  21.234648526  335.62112 
  21.240453515  336.3749 
  21.246258503  337.23312 
  21.252063492  338.46506 
  21.257868481  341.23074 
  21.263673469  344.0158 
  21.269478458  347.0746 
  21.275283447  351.1539 
  21.281088435  355.5453 
  21.286893424  361.49225 
  21.292698413  366.74606 
  21.298503401  371.65805 
  21.304308390  374.20297 
  21.310113379  377.11685 
  21.315918367  378.8271 
  21.321723356  379.74402 
  21.327528345  380.4866 
  21.333333333  379.96823 
  21.339138322  379.50244 
  21.344943311  379.03915 
  21.350748299  378.4035 
  21.356553288  377.6023 
  21.362358277  375.8713 
  21.368163265  373.89438 
  21.373968254  371.10806 
  21.379773243  369.43668 
  21.385578231  367.91595 
  21.391383220  366.818 
  21.397188209  365.72214 
  21.402993197  365.1279 
  21.408798186  364.61774 
  21.414603175  364.6973 
  21.420408163  364.9703 
  21.426213152  364.9797 
  21.432018141  365.46957 
  21.437823129  365.6701 
  21.443628118  366.32874 
  21.449433107  367.1784 
  21.455238095  368.2156 
  21.461043084  369.4856 
  21.466848073  370.21707 
  21.472653061  370.41498 
  21.478458050  370.49762 
  21.484263039  370.11713 
  21.490068027  370.12683 
  21.495873016  370.45114 
  21.501678005  370.1997 
  21.507482993  370.1289 
  21.513287982  369.20245 
  21.519092971  368.55276 
  21.524897959  367.61722 
  21.530702948  367.20984 
  21.536507937  366.97955 
  21.542312925  367.07318 
  21.548117914  367.6614 
  21.553922902  368.0124 
  21.559727891  368.5974 
  21.565532880  368.93555 
  21.571337868  369.05435 
  21.577142857  368.79852 
  21.582947846  368.78268 
  21.588752834  368.36615 
  21.594557823  368.17154 
  21.600362812  368.29266 
  21.606167800  368.16382 
  21.611972789  368.2282 
  21.617777778  368.0427 
  21.623582766  367.25458 
  21.629387755  366.85284 
  21.635192744  366.41937 
  21.640997732  366.39108 
  21.646802721  368.01675 
  21.652607710  369.82523 
  21.658412698  374.28693 
  21.664217687  378.73285 
  21.670022676  378.23404 
  21.675827664  375.3383 
  21.681632653  371.6365 
  21.687437642  367.20108 
  21.693242630  362.92322 
  21.699047619  358.82782 
  21.704852608  354.75226 
  21.710657596  353.8108 
  21.716462585  355.20517 
  21.722267574  357.78934 
  21.728072562  360.99435 
  21.733877551  364.01404 
  21.739682540  365.6983 
  21.745487528  365.99384 
  21.751292517  366.2993 
  21.757097506  367.2048 
  21.762902494  367.27774 
  21.768707483  368.9875 
  21.774512472  369.22363 
  21.780317460  367.85 
  21.786122449  366.42862 
  21.791927438  364.73557 
  21.797732426  362.56113 
  21.803537415  360.5703 
  21.809342404  359.5566 
  21.815147392  358.82312 
  21.820952381  357.78833 
  21.826757370  357.27026 
  21.832562358  356.2866 
  21.838367347  354.95853 
  21.844172336  355.43164 
  21.849977324  355.65033 
  21.855782313  356.11066 
  21.861587302  356.1284 
  21.867392290  355.53085 
  21.873197279  355.20102 
  21.879002268  355.7279 
  21.884807256  356.46127 
  21.890612245  356.3616 
  21.896417234  355.9391 
  21.902222222  354.42816 
  21.908027211  352.90225 
  21.913832200  350.81238 
  21.919637188  349.2897 
  21.925442177  349.18448 
  21.931247166  349.95596 
  21.937052154  352.26892 
  21.942857143  356.33215 
  21.948662132  355.55597 
  21.954467120  348.574 
  21.960272109  331.7717 
  21.966077098  317.28702 
  21.971882086  315.44955 
  21.977687075  299.50778 
  21.983492063  292.57428 
  22.024126984  248.05098 
  22.029931973  246.19167 
  22.035736961  241.90063 
  22.041541950  243.43257 
  22.047346939  241.76344 
  22.053151927  243.52776 
  22.058956916  247.09521 
  22.064761905  251.79253 
  22.070566893  255.55016 
  22.076371882  259.87216 
  22.082176871  262.63666 
  22.087981859  264.5646 
  22.093786848  266.2081 
  22.099591837  266.74777 
  22.105396825  266.91272 
  22.111201814  267.1158 
  22.117006803  267.22397 
  22.122811791  267.55527 
  22.128616780  267.41568 
  22.134421769  267.50632 
  22.140226757  267.5951 
  22.146031746  267.4304 
  22.151836735  268.16174 
  22.157641723  268.2226 
  22.163446712  268.14328 
  22.169251701  269.168 
  22.175056689  269.48358 
  22.180861678  270.49268 
  22.186666667  271.56775 
  22.192471655  271.66162 
  22.198276644  272.0096 
  22.204081633  270.62772 
  22.209886621  269.63614 
  22.215691610  266.6161 
  22.221496599  264.37967 
  22.227301587  262.74246 
  22.233106576  260.06064 
  22.238911565  261.10062 
  22.366621315  369.7325 
  22.372426304  362.38934 
  22.378231293  360.02554 
  22.384036281  357.3099 
  22.389841270  355.20926 
  22.395646259  354.15646 
  22.401451247  353.05838 
  22.407256236  353.33542 
  22.413061224  353.29254 
  22.418866213  353.51895 
  22.424671202  354.70978 
  22.430476190  355.6981 
  22.436281179  357.54596 
  22.442086168  359.4905 
  22.447891156  360.25452 
  22.453696145  360.60312 
  22.459501134  360.42966 
  22.465306122  359.78064 
  22.471111111  360.45557 
  22.476916100  361.61163 
  22.482721088  362.33646 
  22.488526077  363.3926 
  22.494331066  362.7595 
  22.500136054  360.8184 
  22.505941043  358.08737 
  22.511746032  354.9365 
  22.517551020  352.46368 
  22.523356009  349.82544 
  22.529160998  347.9635 
  22.534965986  346.35046 
  22.540770975  344.55478 
  22.546575964  343.74805 
  22.552380952  342.53485 
  22.558185941  341.7655 
  22.563990930  341.9501 
  22.569795918  342.32278 
  22.575600907  343.4519 
  22.581405896  343.9238 
  22.587210884  344.19012 
  22.593015873  344.24863 
  22.598820862  344.9503 
  22.604625850  346.99924 
  22.610430839  349.332 
  22.616235828  351.11023 
  22.622040816  351.78772 
  22.627845805  350.9358 
  22.633650794  349.62924 
  22.639455782  348.41913 
  22.645260771  347.09006 
  22.651065760  346.26733 
  22.656870748  345.3711 
  22.662675737  344.03827 
  22.668480726  342.9231 
  22.674285714  342.03134 
  22.680090703  341.32028 
  22.685895692  341.02734 
  22.691700680  339.9481 
  22.697505669  339.01602 
  22.703310658  337.31412 
  22.709115646  334.3994 
  22.714920635  331.8635 
  22.720725624  328.7815 
  22.726530612  326.02417 
  22.732335601  322.7533 
  22.738140590  318.82385 
  22.743945578  315.42606 
  22.749750567  312.53848 
  22.755555556  311.11035 
  22.761360544  311.8954 
  22.767165533  313.43286 
  22.772970522  315.4635 
  22.778775510  315.47406 
  22.784580499  314.878 
  22.790385488  315.15555 
  22.796190476  315.31833 
  22.801995465  315.661 
  22.807800454  317.22217 
  22.813605442  317.7568 
  22.819410431  319.61227 
  22.825215420  320.29535 
  22.831020408  321.56693 
  22.836825397  322.20734 
  22.842630385  323.63092 
  22.848435374  323.0223 
  22.854240363  319.9929 
  22.860045351  317.36646 
  22.865850340  315.0451 
  22.871655329  313.567 
  22.877460317  313.7831 
  22.883265306  314.10486 
  22.889070295  313.53677 
  22.894875283  313.51273 
  22.900680272  312.58487 
  22.906485261  311.98743 
  22.912290249  311.92722 
  22.918095238  311.12173 
  22.923900227  311.11533 
  22.929705215  311.11853 
  22.935510204  311.14096 
  22.941315193  311.37054 
  22.947120181  311.43616 
  22.952925170  311.6597 
  22.958730159  312.03656 
  22.964535147  312.49655 
  22.970340136  313.26163 
  22.976145125  313.80493 
  22.981950113  314.26093 
  22.987755102  314.4838 
  22.993560091  313.95462 
  22.999365079  314.01334 
  23.005170068  314.31265 
  23.010975057  314.65704 
  23.016780045  315.67996 
  23.022585034  315.78757 
  23.028390023  315.594 
  23.034195011  315.5947 
  23.040000000  315.57834 
  23.045804989  315.6453 
  23.051609977  315.6479 
  23.057414966  315.48093 
  23.063219955  314.8243 
  23.069024943  314.33115 
  23.074829932  313.80206 
  23.080634921  313.4417 
  23.086439909  313.3552 
  23.092244898  313.53284 
  23.098049887  313.3483 
  23.103854875  313.0616 
  23.109659864  312.78436 
  23.115464853  311.8589 
  23.121269841  312.24118 
  23.127074830  312.58664 
  23.132879819  312.81467 
  23.138684807  313.3572 
  23.144489796  312.6173 
  23.150294785  311.41217 
  23.156099773  311.5501 
  23.161904762  311.95505 
  23.167709751  312.675 
  23.173514739  313.24527 
  23.179319728  312.695 
  23.185124717  311.5632 
  23.190929705  311.137 
  23.196734694  310.79907 
  23.202539683  311.01068 
  23.208344671  311.58832 
  23.214149660  312.04248 
  23.219954649  312.76538 
  23.225759637  312.72736 
  23.231564626  312.5896 
  23.237369615  311.95084 
  23.243174603  311.7797 
  23.248979592  312.26392 
  23.254784580  313.06107 
  23.260589569  314.29742 
  23.266394558  315.55444 
  23.272199546  316.51624 
  23.278004535  317.46213 
  23.283809524  317.1384 
  23.289614512  318.78644 
  23.295419501  320.47113 
  23.301224490  321.18558 
  23.307029478  324.20828 
  23.312834467  320.44376 
  23.318639456  318.1757 
  24.938231293  346.58078 
  24.944036281  336.21896 
  24.949841270  339.52924 
  24.955646259  339.25406 
  24.961451247  338.71375 
  24.967256236  337.5996 
  24.973061224  335.83484 
  24.978866213  334.8838 
  24.984671202  334.70197 
  24.990476190  334.94452 
  24.996281179  335.90955 
  25.002086168  337.97086 
  25.007891156  339.73718 
  25.013696145  342.1634 
  25.019501134  344.5299 
  25.025306122  346.3318 
  25.031111111  347.7262 
  25.036916100  349.06982 
  25.042721088  351.02158 
  25.048526077  353.11386 
  25.054331066  355.5812 
  25.060136054  357.77017 
  25.065941043  359.364 
  25.071746032  360.64713 
  25.077551020  361.76337 
  25.083356009  362.43146 
  25.089160998  362.63223 
  25.094965986  362.21768 
  25.100770975  360.67154 
  25.106575964  358.94205 
  25.112380952  356.6085 
  25.118185941  354.09982 
  25.123990930  352.1861 
  25.129795918  350.07858 
  25.135600907  348.54965 
  25.141405896  347.21362 
  25.147210884  345.7731 
  25.153015873  344.5465 
  25.158820862  343.5269 
  25.164625850  342.88123 
  25.170430839  343.3494 
  25.176235828  343.6934 
  25.182040816  344.29782 
  25.187845805  345.38272 
  25.193650794  345.9439 
  25.199455782  346.94815 
  25.205260771  348.03763 
  25.211065760  349.13797 
  25.216870748  350.1165 
  25.222675737  351.00226 
  25.228480726  351.89056 
  25.234285714  352.03568 
  25.240090703  352.37875 
  25.245895692  352.62338 
  25.251700680  352.15787 
  25.257505669  351.7897 
  25.263310658  351.1716 
  25.269115646  349.73492 
  25.274920635  348.34552 
  25.280725624  347.3547 
  25.286530612  346.38235 
  25.292335601  346.35712 
  25.298140590  345.78387 
  25.303945578  343.975 
  25.309750567  342.07477 
  25.315555556  340.57056 
  25.321360544  340.22134 
  25.327165533  340.66257 
  25.332970522  341.92532 
  25.338775510  342.77258 
  25.344580499  342.91904 
  25.350385488  343.20834 
  25.356190476  343.5551 
  25.361995465  343.8269 
  25.367800454  344.7972 
  25.373605442  346.13467 
  25.379410431  346.65927 
  25.385215420  347.72775 
  25.391020408  348.1814 
  25.396825397  347.88135 
  25.402630385  348.52902 
  25.408435374  349.10358 
  25.414240363  350.1645 
  25.420045351  351.36386 
  25.425850340  351.68524 
  25.431655329  351.99072 
  25.437460317  351.86078 
  25.443265306  351.7374 
  25.449070295  351.87125 
  25.454875283  352.35138 
  25.460680272  352.65033 
  25.466485261  351.81284 
  25.472290249  350.30872 
  25.478095238  348.58017 
  25.483900227  347.18173 
  25.489705215  347.1261 
  25.495510204  347.38306 
  25.501315193  347.8638 
  25.507120181  347.8953 
  25.512925170  347.0326 
  25.518730159  346.79163 
  25.524535147  346.70944 
  25.530340136  347.04697 
  25.536145125  347.949 
  25.541950113  348.41528 
  25.547755102  348.28125 
  25.553560091  347.92764 
  25.559365079  347.58752 
  25.565170068  347.4629 
  25.570975057  347.76425 
  25.576780045  347.92682 
  25.582585034  347.89743 
  25.588390023  347.53687 
  25.594195011  347.07858 
  25.600000000  346.8467 
  25.605804989  346.21323 
  25.611609977  346.3877 
  25.617414966  346.38638 
  25.623219955  345.5112 
  25.629024943  345.1972 
  25.634829932  336.67862 
  25.640634921  320.9367 
  25.808979592  359.62344 
  25.814784580  363.51755 
  25.820589569  365.0094 
  25.826394558  368.2397 
  25.832199546  372.22275 
  25.838004535  375.30563 
  25.843809524  376.7308 
  25.849614512  377.44653 
  25.855419501  376.81653 
  25.861224490  376.08145 
  25.867029478  375.7014 
  25.872834467  375.92108 
  25.878639456  376.80777 
  25.884444444  377.05817 
  25.890249433  377.69113 
  25.896054422  378.22787 
  25.901859410  378.53198 
  25.907664399  378.83124 
  25.913469388  380.1938 
  25.919274376  381.24597 
  25.925079365  382.19104 
  25.930884354  383.41547 
  25.936689342  383.64993 
  25.942494331  383.70935 
  25.948299320  383.54572 
  25.954104308  382.84915 
  25.959909297  381.75336 
  25.965714286  379.17178 
  25.971519274  376.35645 
  25.977324263  374.47568 
  25.983129252  372.30847 
  25.988934240  372.5016 
  25.994739229  371.71445 
  26.000544218  370.7717 
  26.006349206  371.86157 
  26.012154195  372.79956 
  26.017959184  373.37994 
  26.023764172  374.08316 
  26.029569161  373.69672 
  26.035374150  374.9198 
  26.041179138  378.97095 
  26.046984127  386.53214 
  26.052789116  393.80283 
  26.058594104  398.6784 
  26.064399093  402.1953 
  26.070204082  403.9791 
  26.076009070  406.33423 
  26.081814059  408.5819 
  26.087619048  410.50967 
  26.093424036  412.17685 
  26.099229025  414.03473 
  26.105034014  415.9905 
  26.110839002  416.37842 
  26.116643991  418.2249 
  26.122448980  419.4607 
  26.128253968  419.93207 
  26.134058957  421.79553 
  26.139863946  421.6081 
  26.145668934  420.4661 
  26.151473923  419.83502 
  26.157278912  419.768 
  26.163083900  418.97934 
  26.168888889  419.20175 
  26.174693878  420.2118 
  26.180498866  420.19214 
  26.186303855  419.528 
  26.192108844  419.32178 
  26.197913832  417.63574 
  26.203718821  417.32077 
  26.209523810  416.40677 
  26.215328798  417.8964 
  26.221133787  419.35593 
  26.226938776  419.0299 
  26.232743764  419.34225 
  26.238548753  418.60626 
  26.244353741  418.12683 
  26.250158730  418.40265 
  26.255963719  418.57394 
  26.261768707  417.4154 
  26.267573696  415.36575 
  26.273378685  410.52695 
  26.279183673  404.7101 
  26.284988662  398.706 
  26.290793651  392.69214 
  26.296598639  389.97824 
  26.302403628  387.6247 
  26.308208617  384.10605 
  26.314013605  381.32693 
  26.319818594  378.20248 
  26.325623583  375.589 
  26.331428571  373.7584 
  26.337233560  370.5352 
  26.343038549  367.59412 
  26.348843537  365.51462 
  26.354648526  360.66714 
  26.360453515  356.0847 
  26.366258503  353.95966 
  26.372063492  351.65018 
  26.377868481  350.38165 
  26.383673469  350.14563 
  26.389478458  350.09485 
  26.395283447  350.15808 
  26.401088435  350.16562 
  26.406893424  350.1029 
  26.412698413  349.35294 
  26.418503401  348.93982 
  26.424308390  348.45798 
  26.430113379  348.0946 
  26.435918367  348.18698 
  26.441723356  347.8901 
  26.447528345  347.71637 
  26.453333333  347.58395 
  26.459138322  347.17316 
  26.464943311  346.96198 
  26.470748299  346.43555 
  26.476553288  345.9332 
  26.482358277  345.3913 
  26.488163265  344.50833 
  26.493968254  343.5625 
  26.499773243  342.17484 
  26.505578231  341.15234 
  26.511383220  340.27664 
  26.517188209  339.1701 
  26.522993197  338.39725 
  26.528798186  335.04016 
  26.534603175  323.70438 
  26.540408163  315.90262 
  26.546213152  310.60474 
  26.552018141  307.31238 
  26.557823129  302.2873 
  26.563628118  302.2659 
  26.569433107  302.06796 
  26.575238095  304.73944 
  26.581043084  307.09036 
  26.586848073  308.46152 
  26.592653061  310.31955 
  26.598458050  310.23022 
  26.604263039  310.73993 
  26.610068027  311.8105 
  26.615873016  311.5541 
  26.621678005  312.19415 
  26.627482993  313.10208 
  26.633287982  313.78802 
  26.639092971  314.82007 
  26.644897959  316.38086 
  26.650702948  317.7799 
  26.656507937  319.38205 
  26.662312925  320.87152 
  26.668117914  322.0271 
  26.673922902  321.23798 
  26.679727891  318.6637 
  26.685532880  315.23932 
  26.691337868  304.2905 
  26.697142857  306.24332 
  26.702947846  305.67252 
  26.708752834  302.43634 
  26.819047619  320.42105 
  26.824852608  313.1405 
  26.830657596  312.69724 
  26.836462585  310.52734 
  26.842267574  306.1352 
  26.848072562  306.66653 
  26.853877551  303.23203 
  26.859682540  302.88885 
  26.865487528  307.8738 
  26.871292517  310.69656 
  26.877097506  315.50024 
  26.882902494  317.6196 
  26.888707483  318.41922 
  26.894512472  319.26315 
  26.900317460  319.862 
  26.906122449  318.72522 
  26.911927438  317.48062 
  26.917732426  314.82526 
  26.923537415  312.71683 
  26.929342404  312.20227 
  26.935147392  311.1971 
  26.940952381  311.3455 
  26.946757370  310.9889 
  26.952562358  309.97937 
  26.958367347  309.9276 
  26.964172336  310.09555 
  26.969977324  310.3625 
  26.975782313  311.14716 
  26.981587302  311.89566 
  26.987392290  312.37393 
  26.993197279  312.74203 
  26.999002268  313.2755 
  27.004807256  313.8511 
  27.010612245  314.13278 
  27.016417234  315.5557 
  27.022222222  316.2246 
  27.028027211  316.4614 
  27.033832200  316.49167 
  27.039637188  313.69492 
  27.045442177  311.05945 
  27.051247166  308.11288 
  27.057052154  305.69522 
  27.062857143  303.70486 
  27.068662132  299.09952 
  27.074467120  292.17255 
  27.080272109  280.70584 
  27.086077098  274.997 
  27.091882086  268.40967 
  27.097687075  264.5215 
  27.103492063  260.68234 
  27.109297052  258.17966 
  27.115102041  256.89615 
  27.120907029  253.60112 
  27.126712018  253.2112 
  27.132517007  254.40607 
  27.138321995  256.7101 
  27.144126984  258.82214 
  27.149931973  261.64536 
  27.155736961  262.8289 
  27.161541950  264.2998 
  27.167346939  265.5463 
  27.173151927  266.90137 
  27.178956916  268.76825 
  27.184761905  270.4104 
  27.190566893  272.94772 
  27.196371882  275.6117 
  27.202176871  277.59058 
  27.207981859  279.99893 
  27.213786848  282.37866 
  27.219591837  284.3678 
  27.225396825  286.8369 
  27.231201814  288.42188 
  27.237006803  289.43268 
  27.242811791  290.85678 
  27.248616780  291.22708 
  27.254421769  291.49722 
  27.260226757  291.7593 
  27.266031746  291.2188 
  27.271836735  290.60147 
  27.277641723  289.18192 
  27.283446712  287.69037 
  27.289251701  286.45856