
  0.551473923  235.90378 
  0.557278912  239.6375 
  0.563083900  240.97751 
  0.568888889  243.4666 
  0.574693878  249.52148 
  0.580498866  251.05774 
  0.586303855  254.34952 
  0.592108844  257.40112 
  0.597913832  259.96887 
  0.603718821  262.9915 
  0.609523810  266.02985 
  0.615328798  267.95758 
  0.621133787  270.22073 
  0.626938776  271.28268 
  0.632743764  272.88034 
  0.638548753  274.2185 
  0.644353741  275.66394 
  0.650158730  276.0607 
  0.655963719  274.71652 
  0.661768707  272.7243 
  0.667573696  269.35214 
  0.673378685  265.5635 
  0.679183673  261.92133 
  0.684988662  259.3343 
  0.690793651  257.71347 
  0.696598639  255.87936 
  0.702403628  252.90909 
  0.708208617  250.66966 
  0.714013605  248.17255 
  0.719818594  246.06447 
  0.725623583  245.05605 
  0.731428571  247.43817 
  0.737233560  240.96788 
  0.743038549  232.69534 
  0.748843537  228.8048 
  0.754648526  229.26393 
  0.760453515  232.2555 
  0.766258503  230.98549 
  0.772063492  232.18579 
  0.777868481  236.16545 
  0.783673469  238.63681 
  0.789478458  241.43164 
  0.795283447  255.12428 
  0.801088435  260.23874 
  0.806893424  271.47546 
  0.812698413  277.75674 
  0.818503401  286.60266 
  0.824308390  294.8313 
  0.830113379  300.66647 
  0.835918367  305.58447 
  0.841723356  309.50592 
  0.847528345  312.10855 
  0.853333333  313.78867 
  0.859138322  314.46973 
  0.864943311  313.77954 
  0.870748299  312.45517 
  0.876553288  310.1397 
  0.882358277  305.85284 
  0.888163265  301.38644 
  0.893968254  299.30743 
  0.899773243  302.0192 
  0.905578231  305.5818 
  0.911383220  307.56876 
  0.917188209  309.12207 
  0.922993197  310.66223 
  0.928798186  313.02234 
  0.934603175  314.5769 
  0.940408163  312.83072 
  0.946213152  310.1904 
  0.952018141  306.2876 
  0.957823129  300.41315 
  0.963628118  297.07077 
  0.969433107  293.7581 
  0.975238095  289.9984 
  0.981043084  287.53412 
  0.986848073  285.31232 
  0.992653061  282.69434 
  0.998458050  280.42126 
  1.004263039  277.44376 
  1.010068027  274.20898 
  1.015873016  269.98856 
  1.021678005  266.46442 
  1.027482993  261.626 
  1.033287982  259.23764 
  1.039092971  255.21448 
  1.044897959  252.14972 
  1.050702948  250.0414 
  1.056507937  248.4425 
  1.062312925  245.81505 
  1.068117914  242.24338 
  1.073922902  236.63821 
  1.079727891  232.41748 
  1.085532880  227.51837 
  1.091337868  223.30078 
  1.097142857  220.35443 
  1.102947846  216.09587 
  1.108752834  212.5418 
  1.114557823  210.23387 
  1.120362812  203.66547 
  1.126167800  198.05505 
  1.131972789  195.73169 
  1.137777778  193.277 
  1.143582766  190.14426 
  1.149387755  185.3426 
  1.155192744  182.8842 
  1.160997732  180.32266 
  1.166802721  178.44809 
  1.172607710  176.23108 
  1.178412698  173.57726 
  1.184217687  171.90912 
  1.190022676  169.8333 
  1.195827664  167.93608 
  1.201632653  166.72076 
  1.207437642  166.11168 
  1.213242630  166.90152 
  1.219047619  166.7307 
  1.224852608  166.15283 
  1.230657596  165.14888 
  1.236462585  164.17128 
  1.242267574  162.55115 
  1.248072562  161.45445 
  3.848707483  121.85547 
  3.854512472  122.13282 
  3.860317460  122.55106 
  3.866122449  125.58008 
  3.871927438  126.135826 
  3.877732426  126.804344 
  3.883537415  127.00662 
  3.889342404  127.71348 
  3.895147392  127.875336 
  3.900952381  127.88062 
  3.906757370  128.2455 
  3.912562358  128.65822 
  3.918367347  129.94266 
  3.924172336  130.41208 
  3.929977324  130.58276 
  3.935782313  130.6621 
  3.941587302  130.72928 
  3.947392290  130.73575 
  3.953197279  130.68497 
  3.959002268  130.03578 
  3.964807256  129.46455 
  3.970612245  129.75063 
  3.976417234  129.5781 
  3.982222222  129.62642 
  3.988027211  129.74902 
  3.993832200  129.10149 
  3.999637188  128.84283 
  4.005442177  128.7947 
  4.011247166  128.55835 
  4.017052154  127.954704 
  4.022857143  127.591805 
  4.028662132  127.11875 
  4.034467120  126.964035 
  4.040272109  126.74205 
  4.046077098  126.34657 
  4.051882086  126.24105 
  4.057687075  125.55664 
  4.063492063  125.9458 
  4.069297052  126.20913 
  4.075102041  126.47278 
  4.080907029  127.16676 
  4.086712018  126.63238 
  4.092517007  126.97441 
  4.098321995  127.178314 
  4.104126984  127.174545 
  4.109931973  127.368996 
  4.115736961  127.540855 
  4.121541950  127.85821 
  4.127346939  128.06596 
  4.133151927  128.40276 
  4.138956916  128.61438 
  4.144761905  128.65285 
  4.150566893  128.85387 
  4.156371882  129.03706 
  4.162176871  128.83206 
  4.167981859  128.80049 
  4.173786848  128.32906 
  4.179591837  128.00041 
  4.185396825  127.78392 
  4.191201814  127.389915 
  4.197006803  126.76211 
  4.202811791  126.793175 
  4.208616780  126.694084 
  4.214421769  126.696465 
  4.220226757  126.665344 
  4.226031746  126.67228 
  4.231836735  126.69645 
  4.237641723  126.62187 
  4.243446712  126.93188 
  4.249251701  127.09715 
  4.255056689  127.14022 
  4.260861678  127.05109 
  4.266666667  126.49882 
  4.272471655  126.63464 
  4.278276644  126.97405 
  4.284081633  127.322266 
  4.289886621  127.60014 
  4.295691610  127.320305 
  4.301496599  127.921196 
  4.307301587  128.54962 
  4.313106576  128.42969 
  4.318911565  128.95523 
  4.324716553  128.72151 
  4.330521542  128.00603 
  4.336326531  127.388695 
  4.342131519  127.265465 
  4.347936508  127.03544 
  4.353741497  126.81654 
  4.359546485  126.6779 
  4.365351474  126.24135 
  4.371156463  125.75309 
  4.376961451  125.33415 
  4.382766440  125.20093 
  4.388571429  125.41209 
  4.394376417  125.67429 
  4.400181406  125.72355 
  4.405986395  125.73219 
  4.411791383  125.65782 
  4.417596372  125.576836 
  4.423401361  125.69571 
  4.429206349  125.75733 
  4.435011338  125.52342 
  4.556916100  289.52686 
  4.562721088  297.5248 
  4.568526077  299.32614 
  4.574331066  302.08453 
  4.580136054  302.82297 
  4.585941043  303.92487 
  4.591746032  304.33 
  4.597551020  303.96313 
  4.603356009  302.83124 
  4.609160998  301.32214 
  4.614965986  299.9264 
  4.620770975  298.721 
  4.626575964  298.64426 
  4.632380952  299.04553 
  4.638185941  299.10062 
  4.643990930  299.32364 
  4.649795918  300.60144 
  4.655600907  301.6732 
  4.661405896  302.2423 
  4.667210884  303.241 
  4.673015873  303.10147 
  4.678820862  303.4531 
  4.684625850  304.1951 
  4.690430839  305.06073 
  4.696235828  305.59802 
  4.702040816  306.3887 
  4.707845805  307.39017 
  4.713650794  309.13055 
  4.719455782  311.25104 
  4.725260771  313.38516 
  4.731065760  314.46536 
  4.736870748  314.76263 
  4.742675737  314.9706 
  4.748480726  314.56628 
  4.754285714  313.39014 
  4.760090703  311.3197 
  4.765895692  307.51392 
  4.771700680  304.9817 
  4.777505669  303.60794 
  4.783310658  302.21268 
  4.789115646  309.9705 
  4.794920635  313.9982 
  4.800725624  314.85217 
  4.806530612  310.47827 
  4.812335601  309.50525 
  4.818140590  306.44296 
  4.823945578  303.9476 
  4.829750567  302.8054 
  4.835555556  303.30542 
  4.841360544  302.72266 
  4.847165533  304.84503 
  4.876190476  287.92236 
  4.881995465  286.4473 
  4.887800454  286.00702 
  4.893605442  285.6096 
  4.899410431  284.41913 
  4.905215420  283.31766 
  4.911020408  281.90915 
  4.916825397  280.22638 
  4.922630385  279.05215 
  4.928435374  278.17593 
  4.934240363  277.23563 
  4.940045351  277.1517 
  4.945850340  277.4049 
  4.951655329  277.44095 
  4.957460317  278.25186 
  4.963265306  278.58762 
  4.969070295  279.10117 
  4.974875283  279.6707 
  4.980680272  280.30432 
  4.986485261  281.00232 
  4.992290249  281.75305 
  4.998095238  282.2159 
  5.003900227  282.7745 
  5.009705215  282.9783 
  5.015510204  282.77457 
  5.021315193  283.1724 
  5.027120181  283.28418 
  5.032925170  282.64648 
  5.038730159  282.0246 
  5.044535147  280.4204 
  5.050340136  277.6887 
  5.056145125  274.9177 
  5.061950113  273.0353 
  5.067755102  270.23083 
  5.073560091  268.8553 
  5.125804989  253.08568 
  5.131609977  251.4846 
  5.137414966  251.00302 
  5.143219955  251.19739 
  5.149024943  250.88568 
  5.154829932  250.93463 
  5.160634921  250.76454 
  5.166439909  249.73204 
  5.172244898  248.92384 
  5.178049887  248.35211 
  5.183854875  248.1449 
  5.189659864  248.62645 
  5.195464853  249.76814 
  5.201269841  250.21274 
  5.207074830  251.08128 
  5.212879819  251.40944 
  5.218684807  251.4835 
  5.224489796  251.44273 
  5.230294785  251.28143 
  5.236099773  251.15062 
  5.241904762  251.16333 
  5.247709751  251.69557 
  5.253514739  251.84634 
  5.259319728  251.90167 
  5.265124717  252.19182 
  5.270929705  252.49374 
  5.276734694  252.86935 
  5.282539683  254.27054 
  5.288344671  254.49672 
  5.294149660  255.38318 
  5.299954649  255.2019 
  5.305759637  255.12184 
  5.311564626  255.43686 
  5.317369615  255.5259 
  5.323174603  257.04263 
  5.328979592  257.11264 
  5.421859410  120.28145 
  5.427664399  120.07016 
  5.433469388  120.176605 
  5.439274376  119.58764 
  5.445079365  118.05179 
  5.450884354  118.08449 
  5.456689342  117.98904 
  5.462494331  118.29852 
  5.468299320  118.60858 
  5.474104308  118.984116 
  5.479909297  119.41245 
  5.485714286  119.805244 
  5.491519274  120.09311 
  5.497324263  120.38467 
  5.503129252  120.78271 
  5.508934240  121.11172 
  5.514739229  121.43175 
  5.520544218  121.510735 
  5.526349206  121.50586 
  5.532154195  121.50655 
  5.537959184  121.34109 
  5.543764172  121.06933 
  5.549569161  120.521454 
  5.555374150  119.985565 
  5.561179138  119.47496 
  5.566984127  118.9224 
  5.572789116  118.316795 
  5.578594104  117.96207 
  5.584399093  117.55293 
  5.590204082  117.186775 
  5.596009070  117.09001 
  5.601814059  116.817116 
  5.607619048  116.61061 
  5.613424036  116.50368 
  5.619229025  116.16733 
  5.625034014  115.56856 
  5.630839002  114.96003 
  5.804988662  124.45838 
  5.810793651  124.65586 
  5.816598639  124.48668 
  5.822403628  125.03766 
  5.828208617  125.21275 
  5.834013605  125.950966 
  5.839818594  126.38347 
  5.845623583  127.22022 
  5.851428571  127.38162 
  5.857233560  127.33382 
  5.863038549  127.36783 
  5.868843537  127.551414 
  5.874648526  128.01797 
  5.880453515  129.41412 
  5.886258503  130.30011 
  5.892063492  130.36086 
  5.897868481  130.28537 
  5.903673469  129.67181 
  5.909478458  129.47446 
  5.915283447  129.69019 
  5.921088435  129.69894 
  5.926893424  129.5727 
  5.932698413  128.96109 
  5.938503401  128.09311 
  5.944308390  127.85414 
  5.950113379  127.912254 
  5.955918367  127.86392 
  5.961723356  127.70465 
  5.967528345  127.43996 
  5.973333333  126.87493 
  5.979138322  126.77458 
  5.984943311  126.7727 
  5.990748299  126.544525 
  5.996553288  126.64214 
  6.002358277  126.727776 
  6.008163265  126.907974 
  6.013968254  127.085075 
  6.019773243  126.931305 
  6.025578231  126.88291 
  6.031383220  126.91926 
  6.037188209  127.0347 
  6.042993197  127.28017 
  6.048798186  127.327446 
  6.054603175  127.202576 
  6.060408163  126.975235 
  6.066213152  126.70166 
  6.072018141  126.59819 
  6.077823129  126.71917 
  6.083628118  126.68685 
  6.089433107  126.98697 
  6.095238095  127.104645 
  6.101043084  126.98596 
  6.106848073  126.95808 
  6.112653061  126.853874 
  6.118458050  126.83267 
  6.124263039  126.825424 
  6.130068027  126.81325 
  6.135873016  126.72684 
  6.141678005  126.89636 
  6.147482993  127.096016 
  6.153287982  127.242325 
  6.159092971  127.43804 
  6.164897959  127.4062 
  6.170702948  127.32127 
  6.176507937  127.17969 
  6.182312925  126.96005 
  6.188117914  126.89132 
  6.193922902  126.70377 
  6.199727891  126.62255 
  6.205532880  126.44805 
  6.211337868  125.935905 
  6.217142857  125.4915 
  6.222947846  124.54984 
  6.228752834  124.05947 
  8.121179138  100.38612 
  8.126984127  100.38244 
  8.132789116  100.3731 
  8.138594104  100.33885 
  8.144399093  100.26085 
  8.150204082  100.41211 
  8.156009070  100.459114 
  8.161814059  100.49479 
  8.167619048  100.699585 
  8.173424036  100.96987 
  8.179229025  101.31691 
  8.185034014  101.50134 
  8.190839002  101.68097 
  8.196643991  101.64728 
  8.202448980  101.72809 
  8.208253968  101.95331 
  8.214058957  101.95168 
  8.219863946  101.89384 
  8.225668934  101.55412 
  8.231473923  101.01302 
  8.475283447  358.5706 
  8.481088435  355.05264 
  8.486893424  351.75977 
  8.492698413  348.35455 
  8.498503401  347.0121 
  8.504308390  345.4013 
  8.510113379  344.08844 
  8.515918367  342.9658 
  8.521723356  341.65594 
  8.527528345  340.54214 
  8.533333333  339.34384 
  8.539138322  338.1681 
  8.544943311  337.50302 
  8.550748299  336.36514 
  8.556553288  336.06766 
  8.562358277  335.94754 
  8.568163265  335.1299 
  8.573968254  335.40137 
  8.579773243  335.1153 
  8.585578231  334.30408 
  8.591383220  334.3576 
  8.597188209  334.20715 
  8.602993197  333.5675 
  8.608798186  333.6576 
  8.614603175  332.9153 
  8.620408163  332.0879 
  8.626213152  332.2529 
  8.632018141  332.2137 
  8.637823129  333.4905 
  8.643628118  335.22034 
  8.649433107  335.1138 
  8.655238095  334.98776 
  8.661043084  333.4289 
  8.666848073  331.32468 
  8.719092971  368.4983 
  8.724897959  373.25873 
  8.730702948  373.61105 
  8.736507937  372.81122 
  8.742312925  372.15155 
  8.748117914  370.71317 
  8.753922902  368.08136 
  8.759727891  367.48804 
  8.765532880  367.53705 
  8.771337868  367.91144 
  8.777142857  368.3062 
  8.782947846  367.2327 
  8.788752834  365.9999 
  8.794557823  364.24796 
  8.800362812  362.20618 
  8.806167800  362.11145 
  8.811972789  361.37088 
  8.817777778  360.20203 
  8.823582766  359.01523 
  8.829387755  357.44836 
  8.835192744  356.5373 
  8.840997732  356.52615 
  8.846802721  357.46808 
  8.852607710  358.4534 
  8.858412698  359.45978 
  8.864217687  359.46872 
  8.870022676  359.49606 
  8.875827664  359.6411 
  8.881632653  360.05618 
  8.887437642  361.0756 
  8.893242630  362.29932 
  8.899047619  363.64725 
  8.904852608  364.15826 
  8.910657596  364.68918 
  8.916462585  365.04446 
  8.922267574  365.19208 
  8.928072562  365.17056 
  8.933877551  365.40213 
  8.939682540  365.81467 
  8.945487528  365.78122 
  8.951292517  366.5274 
  8.957097506  366.63785 
  8.962902494  366.33014 
  8.968707483  366.69217 
  8.974512472  366.03317 
  8.980317460  366.03964 
  8.986122449  366.2836 
  8.991927438  365.8413 
  8.997732426  366.36398 
  9.003537415  366.5946 
  9.009342404  366.67572 
  9.015147392  367.10873 
  9.020952381  367.37274 
  9.026757370  366.74164 
  9.032562358  365.99152 
  9.038367347  366.8742 
  9.044172336  367.66208 
  9.049977324  368.20383 
  9.055782313  369.5389 
  9.061587302  369.63013 
  9.067392290  369.54514 
  9.073197279  370.41696 
  9.079002268  370.86795 
  9.084807256  371.42123 
  9.090612245  371.9265 
  9.096417234  372.34537 
  9.102222222  372.62396 
  9.108027211  374.23315 
  9.113832200  374.90436 
  9.119637188  375.52396 
  9.125442177  376.00278 
  9.131247166  375.28336 
  9.137052154  375.75735 
  9.142857143  375.99042 
  9.148662132  375.51468 
  9.154467120  375.73593 
  9.160272109  375.72824 
  9.166077098  375.59717 
  9.171882086  375.72577 
  9.177687075  375.7282 
  9.183492063  374.90878 
  9.189297052  374.05542 
  9.195102041  373.31458 
  9.200907029  372.05188 
  9.206712018  370.92776 
  9.212517007  370.17493 
  9.218321995  369.6278 
  9.224126984  368.76938 
  9.229931973  368.85504 
  9.235736961  368.97955 
  9.241541950  368.75272 
  9.247346939  368.84735 
  9.253151927  368.76764 
  9.258956916  368.9388 
  9.264761905  369.8916 
  9.270566893  370.54532 
  9.276371882  371.27728 
  9.282176871  371.13168 
  9.287981859  371.85336 
  9.293786848  372.79794 
  9.299591837  373.0406 
  9.305396825  374.77588 
  9.311201814  374.91107 
  9.317006803  374.50763 
  9.322811791  374.26212 
  9.328616780  372.53952 
  9.334421769  371.00192 
  9.340226757  370.39224 
  9.346031746  368.8495 
  9.351836735  367.67694 
  9.357641723  365.6026 
  9.363446712  365.3422 
  9.369251701  366.77087 
  9.375056689  366.184 
  9.380861678  367.2502 
  9.386666667  365.8103 
  9.392471655  364.4726 
  9.398276644  366.37137 
  9.404081633  366.1703 
  9.409886621  367.94424 
  9.415691610  371.20154 
  10.112290249  308.59357 
  10.118095238  305.31262 
  10.123900227  300.80606 
  10.129705215  298.2429 
  10.135510204  295.49283 
  10.141315193  295.4811 
  10.147120181  293.3545 
  10.152925170  290.36145 
  10.158730159  297.64352 
  10.164535147  299.75616 
  10.170340136  301.7781 
  10.176145125  303.35504 
  10.181950113  306.58386 
  10.187755102  308.2751 
  10.193560091  312.78613 
  10.199365079  316.26416 
  10.205170068  323.33453 
  10.210975057  325.21393 
  10.216780045  329.71597 
  10.222585034  331.9055 
  10.228390023  333.78946 
  10.234195011  336.6308 
  10.240000000  337.82892 
  10.245804989  339.51746 
  10.251609977  342.73996 
  10.257414966  346.93878 
  10.263219955  351.5329 
  10.269024943  352.69897 
  10.274829932  354.79718 
  10.280634921  356.22226 
  10.286439909  358.14096 
  10.292244898  362.37256 
  10.298049887  364.95328 
  10.303854875  367.38696 
  10.309659864  370.2531 
  10.315464853  369.33798 
  10.321269841  369.57635 
  10.327074830  369.85687 
  10.332879819  369.36682 
  10.338684807  370.61353 
  10.344489796  371.2757 
  10.350294785  371.8065 
  10.356099773  372.50128 
  10.361904762  372.39304 
  10.367709751  372.47678 
  10.373514739  372.3011 
  10.379319728  371.88138 
  10.385124717  372.04654 
  10.390929705  371.31012 
  10.396734694  371.18542 
  10.402539683  370.36932 
  10.408344671  368.6965 
  10.414149660  368.10684 
  10.419954649  366.95972 
  10.425759637  365.6815 
  10.431564626  365.40936 
  10.437369615  365.93732 
  10.443174603  364.091 
  10.448979592  362.9415 
  10.454784580  362.31345 
  10.460589569  361.43967 
  10.466394558  361.20728 
  10.472199546  360.7149 
  10.478004535  360.65543 
  10.483809524  360.62616 
  10.489614512  361.73553 
  10.495419501  363.40335 
  10.501224490  364.2536 
  10.507029478  365.25525 
  10.512834467  365.61505 
  10.518639456  365.98682 
  10.524444444  366.49707 
  10.530249433  367.8473 
  10.536054422  368.91083 
  10.541859410  370.4032 
  10.547664399  371.5646 
  10.553469388  372.143 
  10.559274376  371.41202 
  10.565079365  371.40628 
  10.570884354  368.465 
  10.576689342  364.6872 
  10.582494331  362.07327 
  10.588299320  355.21857 
  10.733424036  358.0198 
  10.739229025  355.2634 
  10.745034014  357.07822 
  10.750839002  358.42404 
  10.756643991  363.29175 
  10.762448980  366.93347 
  10.768253968  369.5099 
  10.774058957  371.3439 
  10.779863946  371.77362 
  10.785668934  372.4104 
  10.791473923  371.1145 
  10.797278912  371.80392 
  10.803083900  373.5974 
  10.808888889  380.6603 
  10.814693878  388.87997 
  10.820498866  393.9769 
  10.826303855  396.02304 
  10.832108844  396.77615 
  10.837913832  396.23727 
  10.843718821  396.2494 
  10.849523810  396.6644 
  10.855328798  397.01038 
  10.861133787  397.37915 
  10.866938776  397.71515 
  10.872743764  397.3486 
  10.878548753  396.025 
  10.884353741  394.8196 
  10.890158730  394.00378 
  10.895963719  393.84473 
  10.901768707  393.53268 
  10.907573696  392.87112 
  10.913378685  392.31363 
  10.919183673  392.1932 
  10.924988662  392.14902 
  10.930793651  392.70706 
  10.936598639  393.11255 
  10.942403628  393.3325 
  10.948208617  393.22214 
  10.954013605  392.41483 
  10.959818594  391.60495 
  10.965623583  391.31082 
  10.971428571  390.8137 
  10.977233560  391.35516 
  10.983038549  391.9308 
  10.988843537  392.4123 
  10.994648526  394.27753 
  11.000453515  394.16437 
  11.006258503  394.75555 
  11.012063492  393.70242 
  11.017868481  392.03238 
  11.023673469  388.67825 
  11.029478458  385.72897 
  11.035283447  381.70773 
  11.041088435  379.23395 
  11.046893424  377.5202 
  11.052698413  376.4721 
  11.058503401  376.14462 
  11.064308390  375.26102 
  11.070113379  373.72955 
  11.075918367  373.87582 
  11.081723356  372.917 
  11.087528345  371.95932 
  11.093333333  371.8393 
  11.099138322  370.57355 
  11.104943311  370.9377 
  11.110748299  371.11722 
  11.116553288  370.6247 
  11.122358277  370.23004 
  11.128163265  369.4056 
  11.133968254  369.28583 
  11.139773243  369.25433 
  11.145578231  369.35657 
  11.151383220  369.95877 
  11.157188209  369.39175 
  11.162993197  369.3621 
  11.168798186  368.50916 
  11.174603175  367.81732 
  11.180408163  367.5334 
  11.186213152  366.94885 
  11.192018141  367.06903 
  11.197823129  366.87662 
  11.203628118  367.04968 
  11.209433107  367.43362 
  11.215238095  367.6708 
  11.221043084  368.325 
  11.226848073  368.73575 
  11.232653061  368.2897 
  11.238458050  368.22992 
  11.244263039  367.2035 
  11.250068027  365.84756 
  11.255873016  364.295 
  11.261678005  363.5375 
  11.267482993  361.6073 
  11.273287982  359.9855 
  11.279092971  358.25928 
  11.284897959  353.036 
  11.290702948  349.0656 
  11.296507937  343.8506 
  11.302312925  338.9919 
  11.308117914  332.73724 
  11.313922902  328.889 
  11.319727891  326.42792 
  11.325532880  324.85284 
  11.331337868  323.771 
  11.337142857  325.03278 
  11.342947846  327.8119 
  11.348752834  328.33868 
  11.354557823  329.5089 
  11.360362812  331.3752 
  11.366167800  332.95255 
  11.371972789  334.35867 
  11.377777778  336.7475 
  11.383582766  340.03555 
  11.389387755  340.53683 
  11.395192744  342.333 
  11.400997732  342.58353 
  11.406802721  339.57455 
  11.412607710  337.343 
  11.418412698  334.40103 
  11.424217687  332.21463 
  11.430022676  330.12402 
  11.435827664  329.50665 
  11.441632653  327.39954 
  11.447437642  326.40723 
  11.453242630  326.36755 
  11.459047619  325.41815 
  11.464852608  325.91217 
  11.470657596  326.27264 
  11.476462585  326.71072 
  11.482267574  327.413 
  11.488072562  328.18753 
  11.493877551  328.92288 
  11.499682540  329.8593 
  11.505487528  330.68716 
  11.511292517  331.2711 
  11.517097506  331.85196 
  11.522902494  332.43423 
  11.528707483  333.2359 
  11.534512472  333.73148 
  11.540317460  332.98184 
  11.546122449  331.21695 
  11.551927438  326.56027 
  11.557732426  324.03284 
  11.563537415  322.2848 
  11.569342404  320.48767 
  11.575147392  319.61942 
  11.580952381  317.1278 
  11.586757370  314.20337 
  11.592562358  308.36926 
  11.598367347  301.7319 
  11.604172336  295.24942 
  11.609977324  292.7714 
  11.615782313  289.16678 
  11.621587302  287.8357 
  11.627392290  286.1035 
  11.633197279  284.95813 
  11.639002268  285.85208 
  11.644807256  286.52206 
  11.650612245  288.30362 
  11.656417234  290.0997 
  11.662222222  291.74905 
  11.668027211  294.12503 
  11.673832200  297.75522 
  11.679637188  300.10797 
  11.685442177  302.0391 
  11.691247166  304.94708 
  11.697052154  307.33948 
  11.702857143  308.47656 
  11.708662132  310.05966 
  11.714467120  309.8214 
  11.720272109  308.7993 
  11.726077098  308.92514 
  11.731882086  307.6285 
  11.737687075  308.30167 
  11.743492063  308.26126 
  11.749297052  307.15414 
  11.755102041  306.78952 
  11.760907029  305.51187 
  11.766712018  304.58685 
  11.772517007  304.09238 
  11.778321995  303.15515 
  11.784126984  303.58322 
  11.789931973  303.32535 
  11.795736961  303.83286 
  11.801541950  303.85144 
  11.807346939  303.60043 
  11.813151927  305.54398 
  11.818956916  306.67166 
  11.824761905  311.64822 
  11.830566893  313.99725 
  11.836371882  316.87924 
  11.842176871  317.34863 
  11.847981859  318.59048 
  11.853786848  319.20984 
  11.859591837  318.93613 
  11.865396825  324.00928 
  11.871201814  326.00226 
  11.877006803  328.03522 
  11.882811791  328.05945 
  11.888616780  327.8523 
  11.894421769  327.79068 
  11.900226757  327.63144 
  11.906031746  328.38254 
  11.911836735  328.62128 
  11.917641723  329.0467 
  11.923446712  329.50223 
  11.929251701  329.3634 
  11.935056689  328.812 
  11.940861678  328.52014 
  11.946666667  327.22592 
  11.952471655  327.4585 
  11.958276644  327.63138 
  11.964081633  326.77374 
  11.969886621  327.9168 
  11.975691610  327.5202 
  11.981496599  328.50757 
  11.987301587  330.457 
  11.993106576  331.55334 
  11.998911565  332.79327 
  12.004716553  333.5873 
  12.010521542  334.8216 
  12.016326531  335.12488 
  12.022131519  336.61984 
  12.027936508  336.90817 
  12.033741497  337.16666 
  12.039546485  337.9054 
  12.045351474  337.84326 
  12.051156463  338.9046 
  12.056961451  340.00916 
  12.062766440  341.54303 
  12.068571429  342.06464 
  12.074376417  342.9605 
  12.080181406  339.557 
  12.085986395  336.70013 
  12.091791383  335.03033 
  12.097596372  330.18066 
  12.103401361  329.07806 
  12.109206349  327.47443 
  12.115011338  324.99496 
  12.120816327  322.79855 
  12.126621315  320.81003 
  12.132426304  319.92825 
  12.138231293  321.18866 
  12.144036281  323.04315 
  12.149841270  324.08926 
  12.155646259  324.46075 
  12.161451247  325.09848 
  12.167256236  325.60632 
  12.173061224  326.40097 
  12.178866213  328.6923 
  12.184671202  330.42908 
  12.190476190  332.1598 
  12.196281179  333.295 
  12.202086168  333.85193 
  12.207891156  333.42603 
  12.213696145  333.1387 
  12.219501134  333.00693 
  12.225306122  332.2246 
  12.231111111  332.399 
  12.236916100  331.5187 
  12.242721088  330.20023 
  12.248526077  329.35928 
  12.254331066  328.57175 
  12.260136054  328.17804 
  12.265941043  327.54428 
  12.271746032  326.43484 
  12.277551020  325.0404 
  12.283356009  324.20923 
  12.289160998  324.06497 
  12.294965986  325.2244 
  12.300770975  326.48886 
  12.306575964  327.05283 
  12.312380952  327.11368 
  12.318185941  326.72043 
  12.323990930  326.568 
  12.329795918  327.52145 
  12.335600907  328.86526 
  12.341405896  329.94205 
  12.347210884  331.19815 
  12.353015873  331.97415 
  12.358820862  332.6327 
  12.364625850  332.8026 
  12.370430839  331.98843 
  12.376235828  330.9101 
  12.382040816  330.68002 
  12.387845805  331.0066 
  12.393650794  332.9294 
  12.399455782  335.135 
  12.405260771  334.95068 
  12.411065760  334.7015 
  12.416870748  336.29788 
  12.422675737  337.78525 
  12.428480726  341.01477 
  12.434285714  348.36475 
  12.440090703  350.74277 
  12.445895692  354.5267 
  12.451700680  355.417 
  12.457505669  355.27057 
  12.463310658  356.34927 
  12.469115646  355.06674 
  12.474920635  354.86768 
  12.480725624  353.0252 
  12.486530612  351.4182 
  12.492335601  350.59674 
  12.498140590  349.57495 
  12.503945578  349.20242 
  12.509750567  349.33258 
  12.515555556  349.1616 
  12.521360544  349.338 
  12.527165533  349.70105 
  12.532970522  349.216 
  12.538775510  349.78653 
  12.544580499  350.4266 
  12.550385488  352.57162 
  12.556190476  354.08356 
  12.561995465  356.17435 
  12.567800454  357.12424 
  12.573605442  358.84302 
  12.579410431  360.40857 
  12.585215420  362.26437 
  12.591020408  367.2821 
  12.596825397  369.96115 
  12.602630385  371.6316 
  12.608435374  372.1503 
  12.614240363  372.03403 
  12.620045351  372.1866 
  12.625850340  372.37387 
  12.631655329  370.00955 
  12.637460317  367.09332 
  12.643265306  366.11066 
  12.649070295  363.97467 
  12.654875283  362.30173 
  12.660680272  361.87015 
  12.666485261  357.7635 
  12.672290249  354.7409 
  12.678095238  349.3762 
  12.683900227  343.10913 
  12.689705215  337.49356 
  12.695510204  334.7173 
  12.701315193  333.52948 
  12.707120181  336.80728 
  12.712925170  336.76233 
  12.718730159  335.32965 
  12.724535147  337.12717 
  12.730340136  334.51132 
  12.736145125  336.3614 
  12.741950113  339.08344 
  12.747755102  337.31708 
  12.753560091  339.7422 
  12.759365079  340.98508 
  12.765170068  341.137 
  12.770975057  342.87027 
  12.776780045  343.69876 
  12.782585034  342.49057 
  12.788390023  342.68716 
  12.794195011  342.33685 
  12.800000000  340.24097 
  12.805804989  340.71555 
  12.811609977  339.52902 
  12.817414966  338.39597 
  12.823219955  339.43854 
  12.829024943  338.08215 
  12.834829932  337.65994 
  12.840634921  337.50583 
  12.846439909  336.1316 
  12.852244898  334.75253 
  12.858049887  334.15295 
  12.863854875  333.0785 
  12.869659864  332.6661 
  12.875464853  334.13068 
  12.881269841  333.04187 
  12.887074830  333.22086 
  12.892879819  332.17227 
  12.898684807  330.7809 
  12.904489796  329.32678 
  12.910294785  326.81512 
  12.916099773  324.11407 
  12.921904762  320.31998 
  12.927709751  317.5324 
  12.933514739  311.56042 
  12.939319728  306.94272 
  12.945124717  300.71515 
  12.950929705  297.98703 
  12.956734694  295.98343 
  12.962539683  293.24976 
  12.968344671  292.62277 
  12.974149660  293.83292 
  12.979954649  295.77856 
  12.985759637  295.63275 
  12.991564626  294.30756 
  12.997369615  294.19342 
  13.003174603  293.679 
  13.008979592  294.2244 
  13.014784580  296.32886 
  13.020589569  298.556 
  13.026394558  300.4296 
  13.032199546  300.66782 
  13.038004535  300.38257 
  13.043809524  299.15262 
  13.049614512  298.74207 
  13.055419501  298.02557 
  13.061224490  297.84402 
  13.067029478  297.17474 
  13.072834467  294.71912 
  13.078639456  292.15973 
  13.084444444  289.3033 
  13.090249433  288.7637 
  13.096054422  284.90762 
  13.101859410  282.5146 
  13.107664399  279.91678 
  13.113469388  278.13052 
  13.119274376  275.17963 
  13.125079365  273.0172 
  13.130884354  271.91055 
  13.136689342  271.346 
  13.142494331  271.33405 
  13.148299320  272.02078 
  13.154104308  272.81516 
  13.159909297  273.45184 
  13.165714286  274.7419 
  13.171519274  275.7531 
  13.177324263  277.3977 
  13.183129252  279.436 
  13.188934240  281.3956 
  13.194739229  283.2624 
  13.200544218  284.7559 
  13.206349206  284.96558 
  13.212154195  283.8091 
  13.217959184  282.75064 
  13.223764172  278.21613 
  13.229569161  273.54108 
  13.339863946  273.40396 
  13.345668934  264.7449 
  13.351473923  248.80885 
  13.357278912  237.05287 
  13.363083900  232.86372 
  13.368888889  230.92145 
  13.374693878  229.73698 
  13.380498866  229.62856 
  13.386303855  230.53938 
  13.392108844  232.53697 
  13.397913832  234.41998 
  13.403718821  237.11243 
  13.409523810  238.75055 
  13.415328798  240.46297 
  13.421133787  242.5078 
  13.426938776  244.62688 
  13.432743764  246.8859 
  13.438548753  247.98347 
  13.444353741  248.13525 
  13.450158730  247.80524 
  13.455963719  247.75066 
  13.461768707  247.50426 
  13.467573696  246.66284 
  13.473378685  246.22417 
  13.479183673  245.56396 
  13.484988662  245.52861 
  13.490793651  245.52533 
  13.496598639  244.91296 
  13.502403628  243.89941 
  13.508208617  242.6066 
  13.514013605  241.39229 
  13.519818594  240.22276 
  13.525623583  238.97495 
  13.589478458  243.55714 
  13.595283447  243.23845 
  13.601088435  243.27492 
  13.606893424  242.1853 
  13.612698413  241.2134 
  13.618503401  240.09457 
  13.624308390  238.92882 
  13.630113379  237.9784 
  13.635918367  237.21533 
  13.641723356  236.90411 
  13.647528345  236.49625 
  13.653333333  236.70331 
  13.659138322  237.31343 
  13.664943311  237.92854 
  13.670748299  238.72565 
  13.676553288  239.31816 
  13.682358277  239.61504 
  13.688163265  240.2397 
  13.693968254  241.22902 
  13.699773243  243.1441 
  13.705578231  244.73619 
  13.711383220  246.4433 
  13.717188209  247.2861 
  13.722993197  247.1603 
  13.728798186  247.83351 
  13.734603175  248.23816 
  13.740408163  249.08574 
  13.746213152  249.74806 
  13.752018141  250.46521 
  13.757823129  250.82008 
  13.763628118  250.31865 
  13.769433107  248.92491 
  13.775238095  249.047 
  13.781043084  250.72308 
  13.786848073  251.95642 
  13.792653061  254.0394 
  13.798458050  254.79034 
  13.804263039  254.56917 
  13.810068027  254.7778 
  13.815873016  254.12938 
  13.821678005  255.57861 
  13.827482993  259.06622 
  13.833287982  262.52298 
  13.839092971  264.32742 
  13.844897959  265.99057 
  13.850702948  266.76846 
  13.856507937  267.36523 
  13.862312925  269.18356 
  13.868117914  271.67532 
  13.873922902  273.85178 
  13.879727891  274.36868 
  13.885532880  274.4295 
  13.891337868  274.58215 
  13.897142857  275.18378 
  13.902947846  277.21164 
  13.908752834  278.2052 
  13.914557823  279.09723 
  13.920362812  279.2672 
  13.926167800  279.42313 
  13.931972789  279.569 
  13.937777778  277.38818 
  13.943582766  277.30356 
  13.949387755  275.91052 
  13.955192744  276.2993 
  13.960997732  276.85596 
  13.966802721  277.598 
  13.972607710  278.76932 
  13.978412698  279.2427 
  13.984217687  280.59454 
  13.990022676  283.68546 
  13.995827664  285.3994 
  14.001632653  288.41287 
  14.007437642  290.40448 
  14.013242630  291.96634 
  14.019047619  293.59686 
  14.024852608  294.40384 
  14.030657596  296.26532 
  14.036462585  297.79135 
  14.042267574  300.91055 
  14.048072562  303.7827 
  14.053877551  304.7429 
  14.059682540  306.01657 
  14.065487528  307.12292 
  14.071292517  307.52115 
  14.077097506  307.90372 
  14.082902494  307.9755 
  14.088707483  307.75418 
  14.094512472  307.92676 
  14.100317460  308.06842 
  14.106122449  308.24164 
  14.111927438  308.6978 
  14.117732426  308.96863 
  14.123537415  308.51978 
  14.129342404  306.40805 
  14.135147392  303.6168 
  14.140952381  303.10513 
  14.146757370  303.16925 
  14.152562358  305.6301 
  14.158367347  307.23892 
  14.164172336  307.57724 
  14.169977324  308.26065 
  14.175782313  308.54285 
  14.181587302  310.73575 
  14.187392290  311.9472 
  14.193197279  313.9041 
  14.199002268  314.8035 
  14.204807256  316.57263 
  14.210612245  318.81067 
  14.216417234  320.48312 
  14.222222222  323.69305 
  14.228027211  328.07578 
  14.233832200  332.50705 
  14.239637188  339.44974 
  14.245442177  347.2053 
  14.251247166  351.66544 
  14.257052154  355.25046 
  14.262857143  356.48462 
  14.268662132  356.551 
  14.274467120  356.27435 
  14.280272109  355.18408 
  14.286077098  354.7877 
  14.291882086  354.3582 
  14.297687075  353.55338 
  14.303492063  352.37006 
  14.309297052  351.56967 
  14.315102041  351.20288 
  14.320907029  351.14417 
  14.326712018  351.88647 
  14.332517007  352.22925 
  14.338321995  352.48425 
  14.344126984  353.26065 
  14.349931973  353.84225 
  14.355736961  354.9515 
  14.361541950  355.88174 
  14.367346939  357.23203 
  14.373151927  358.09534 
  14.378956916  359.20816 
  14.384761905  360.3952 
  14.390566893  360.89575 
  14.396371882  361.41202 
  14.402176871  361.36252 
  14.407981859  361.0402 
  14.413786848  360.28635 
  14.419591837  359.3675 
  14.425396825  359.10587 
  14.431201814  358.25397 
  14.437006803  357.18674 
  14.442811791  356.4276 
  14.448616780  355.4537 
  14.454421769  355.05768 
  14.460226757  355.2574 
  14.466031746  356.08594 
  14.471836735  356.1122 
  14.477641723  355.99557 
  14.483446712  355.69357 
  14.489251701  354.9459 
  14.495056689  354.64752 
  14.500861678  355.27692 
  14.506666667  356.66632 
  14.512471655  357.79944 
  14.518276644  359.29184 
  14.524081633  359.75375 
  14.529886621  359.37265 
  14.535691610  358.5296 
  14.541496599  360.02704 
  14.547301587  361.32324 
  14.553106576  363.14618 
  14.558911565  363.87796 
  14.564716553  362.89203 
  14.570521542  362.10837 
  14.576326531  360.47827 
  14.582131519  359.92505 
  14.587936508  359.60364 
  14.593741497  359.4233 
  14.599546485  359.12335 
  14.605351474  358.56763 
  14.611156463  358.42767 
  14.616961451  358.40103 
  14.622766440  358.75006 
  14.628571429  358.82883 
  14.634376417  358.8602 
  14.640181406  358.22012 
  14.645986395  357.19272 
  14.651791383  355.60736 
  14.657596372  353.91083 
  14.663401361  353.0449 
  14.669206349  351.782 
  14.675011338  351.29852 
  14.680816327  349.63602 
  14.686621315  345.80228 
  14.692426304  342.04965 
  14.698231293  335.69308 
  14.808526077  246.85355 
  14.814331066  245.17424 
  14.820136054  243.14406 
  14.825941043  242.25046 
  14.831746032  241.4949 
  14.837551020  240.3719 
  14.843356009  239.83458 
  14.849160998  238.97964 
  14.854965986  238.02011 
  14.860770975  237.50533 
  14.866575964  236.89275 
  14.872380952  236.58977 
  14.878185941  236.65305 
  14.883990930  236.70204 
  14.889795918  236.97766 
  14.895600907  237.34747 
  14.901405896  237.81937 
  14.907210884  238.44638 
  14.913015873  239.43875 
  14.918820862  240.26399 
  14.924625850  241.0859 
  14.930430839  241.49612 
  14.936235828  241.62584 
  14.942040816  241.74455 
  14.947845805  241.3594 
  14.953650794  241.11858 
  14.959455782  240.51897 
  14.965260771  239.42433 
  14.971065760  238.39314 
  14.976870748  237.02948 
  14.982675737  235.65096 
  14.988480726  234.33914 
  14.994285714  233.10138 
  15.000090703  232.09369 
  15.005895692  231.44089 
  15.011700680  231.18767 
  15.017505669  231.30241 
  15.023310658  231.6669 
  15.029115646  232.38103 
  15.034920635  232.88406 
  15.040725624  233.5112 
  15.046530612  234.52347 
  15.052335601  235.29272 
  15.058140590  236.28395 
  15.063945578  236.90721 
  15.069750567  237.59491 
  15.075555556  238.19814 
  15.081360544  238.62057 
  15.087165533  238.97244 
  15.092970522  238.09177 
  15.098775510  237.37363 
  15.104580499  236.36736 
  15.110385488  235.12401 
  15.116190476  234.47882 
  15.121995465  232.96823 
  15.127800454  231.84026 
  15.133605442  230.31522 
  15.139410431  228.88983 
  15.145215420  227.87724 
  15.151020408  226.9082 
  15.156825397  225.6273 
  15.162630385  224.99335 
  15.168435374  225.31592 
  15.174240363  225.04982 
  15.180045351  224.81001 
  15.185850340  224.80186 
  15.191655329  224.18266 
  15.197460317  223.18507 
  15.203265306  222.54889 
  15.290340136  241.00928 
  15.296145125  242.33408 
  15.301950113  243.30151 
  15.307755102  244.17432 
  15.313560091  244.99883 
  15.319365079  245.42862 
  15.325170068  245.44702 
  15.330975057  245.66812 
  15.336780045  245.96265 
  15.342585034  246.59027 
  15.348390023  248.5834 
  15.354195011  249.80032 
  15.360000000  251.1674 
  15.365804989  252.27713 
  15.371609977  252.44296 
  15.377414966  252.50238 
  15.383219955  252.10112 
  15.389024943  251.6935 
  15.394829932  251.50694 
  15.400634921  250.72197 
  15.406439909  250.0788 
  15.412244898  248.40889 
  15.418049887  246.8975 
  15.423854875  245.00185 
  15.429659864  243.32697 
  15.435464853  242.60454 
  15.441269841  242.25687 
  15.447074830  242.13397 
  15.452879819  241.82317 
  15.458684807  241.57475 
  15.464489796  241.35547 
  15.470294785  241.51619 
  15.476099773  242.17258 
  15.481904762  242.91759 
  15.487709751  244.04173 
  15.493514739  245.14607 
  15.499319728  246.09494 
  15.505124717  246.77032 
  15.510929705  247.70947 
  15.516734694  248.06296 
  15.522539683  248.44257 
  15.528344671  248.43324 
  15.534149660  248.25992 
  15.539954649  247.87775 
  15.545759637  247.45915 
  15.551564626  246.8777 
  15.557369615  246.64432 
  15.563174603  246.09084 
  15.568979592  245.56804 
  15.574784580  244.69629 
  15.580589569  243.49225 
  15.586394558  242.72278 
  15.592199546  242.28436 
  15.598004535  242.22829 
  15.603809524  242.23637 
  15.609614512  242.13286 
  15.615419501  242.2175 
  15.621224490  242.28003 
  15.627029478  242.92053 
  15.632834467  243.58226 
  15.638639456  244.60661 
  15.644444444  245.65727 
  15.650249433  246.50528 
  15.656054422  247.53918 
  15.661859410  248.71317 
  15.667664399  249.63962 
  15.673469388  250.77324 
  15.679274376  251.34885 
  15.685079365  251.5592 
  15.690884354  251.3531 
  15.696689342  251.15201 
  15.702494331  250.49007 
  15.708299320  250.18324 
  15.714104308  249.82079 
  15.719909297  249.25589 
  15.725714286  248.72311 
  15.731519274  248.44725 
  15.737324263  247.76807 
  15.743129252  247.62813 
  15.748934240  247.49855 
  15.754739229  247.56395 
  15.760544218  247.81029 
  15.766349206  247.54189 
  15.772154195  247.60678 
  15.777959184  246.99261 
  15.783764172  246.77504 
  15.789569161  247.16278 
  15.795374150  247.00246 
  15.801179138  247.14058 
  15.806984127  247.74632 
  15.812789116  247.62416 
  15.818594104  248.10847 
  15.824399093  248.35568 
  15.830204082  248.03189 
  15.836009070  248.04605 
  15.841814059  247.73993 
  15.847619048  246.92412 
  15.853424036  246.31212 
  15.859229025  245.34494 
  15.865034014  245.02885 
  15.870839002  245.00002 
  15.876643991  244.82729 
  15.882448980  244.63293 
  15.888253968  243.23317 
  15.894058957  243.3067 
  15.899863946  242.4968 
  15.905668934  242.34769 
  15.911473923  243.22404 
  15.917278912  243.0947 
  15.923083900  242.57837 
  15.928888889  242.26453 
  15.934693878  242.16173 
  16.729977324  182.22002 
  16.735782313  181.73955 
  16.741587302  182.71773 
  16.747392290  182.8236 
  16.753197279  184.93367 
  16.759002268  187.31854 
  16.764807256  190.76355 
  16.770612245  193.885 
  16.776417234  196.7561 
  16.782222222  203.04945 
  16.788027211  210.28024 
  16.793832200  216.20837 
  16.799637188  219.88033 
  16.805442177  224.53793 
  16.811247166  228.35854 
  16.817052154  231.06712 
  16.822857143  233.56781 
  16.828662132  235.90663 
  16.834467120  237.86858 
  16.840272109  239.90688 
  16.846077098  242.56346 
  16.851882086  246.38388 
  16.857687075  248.77397 
  16.863492063  251.17657 
  16.869297052  252.92235 
  16.875102041  253.72679 
  16.880907029  255.4585 
  16.886712018  256.6859 
  16.892517007  257.04007 
  16.898321995  257.90433 
  16.904126984  257.85297 
  16.909931973  257.8982 
  16.915736961  257.82123 
  16.921541950  257.43704 
  16.927346939  257.2503 
  16.933151927  256.8237 
  16.938956916  256.3151 
  16.944761905  255.99648 
  16.950566893  255.28534 
  16.956371882  255.06393 
  16.962176871  255.23433 
  16.967981859  255.44608 
  16.973786848  256.6718 
  16.979591837  258.27713 
  16.985396825  260.3034 
  16.991201814  261.98148 
  16.997006803  263.41794 
  17.002811791  263.4794 
  17.008616780  262.8998 
  17.014421769  261.68912 
  17.020226757  258.34738 
  17.026031746  256.3133 
  17.031836735  256.06015 
  17.124716553  268.5717 
  17.130521542  268.95782 
  17.136326531  265.6191 
  17.142131519  263.873 
  17.147936508  257.60672 
  17.153741497  252.26103 
  17.159546485  246.10764 
  17.165351474  242.95204 
  17.171156463  240.02588 
  17.176961451  239.6195 
  17.182766440  239.9512 
  17.188571429  241.06798 
  17.194376417  242.19716 
  17.200181406  243.5174 
  17.205986395  245.0836 
  17.211791383  246.54791 
  17.217596372  248.06598 
  17.223401361  248.60008 
  17.229206349  250.1092 
  17.235011338  250.94417 
  17.240816327  252.93918 
  17.246621315  254.69601 
  17.252426304  255.50465 
  17.258231293  256.6081 
  17.264036281  256.11362 
  17.269841270  255.60956 
  17.275646259  254.44499 
  17.281451247  253.12952 
  17.287256236  252.23074 
  17.293061224  251.79002 
  17.298866213  253.38342 
  17.304671202  255.43597 
  17.310476190  258.26315 
  17.316281179  261.04175 
  17.322086168  263.07852 
  17.327891156  264.59036 
  17.333696145  266.52332 
  17.339501134  269.92224 
  17.345306122  275.17886 
  17.351111111  279.94888 
  17.356916100  284.5455 
  17.362721088  287.78656 
  17.368526077  289.2387 
  17.374331066  292.1604 
  17.380136054  293.8375 
  17.385941043  296.57657 
  17.391746032  299.19217 
  17.397551020  301.26868 
  17.403356009  302.1396 
  17.409160998  301.2322 
  17.414965986  299.8242 
  17.420770975  296.35236 
  17.426575964  293.0771 
  17.432380952  290.9725 
  17.438185941  289.0589 
  17.443990930  287.37494 
  17.449795918  286.35577 
  17.455600907  285.81635 
  17.461405896  286.21664 
  17.467210884  286.6014 
  17.473015873  287.75262 
  17.478820862  289.119 
  17.484625850  290.19873 
  17.490430839  291.70023 
  17.496235828  293.02322 
  17.502040816  294.2406 
  17.507845805  295.11963 
  17.513650794  298.91364 
  17.519455782  307.6486 
  17.525260771  313.63022 
  17.531065760  315.03864 
  17.536870748  315.76733 
  17.542675737  314.0111 
  17.548480726  306.29404 
  17.711020408  306.38934 
  17.716825397  301.2421 
  17.722630385  296.5074 
  17.728435374  290.5067 
  17.734240363  285.6775 
  17.740045351  282.93063 
  17.745850340  280.7545 
  17.751655329  279.20547 
  17.757460317  278.30054 
  17.763265306  277.55 
  17.769070295  276.78513 
  17.774875283  276.7346 
  17.780680272  276.855 
  17.786485261  277.1896 
  17.792290249  277.8401 
  17.798095238  278.2856 
  17.803900227  279.42307 
  17.809705215  280.61768 
  17.815510204  281.8246 
  17.821315193  282.55643 
  17.827120181  283.40906 
  17.832925170  283.4663 
  17.838730159  283.80557 
  17.844535147  284.5567 
  17.850340136  283.8168 
  17.856145125  284.23447 
  17.861950113  284.44644 
  17.867755102  283.43558 
  17.873560091  283.556 
  17.879365079  282.26794 
  17.885170068  281.57373 
  17.890975057  281.14536 
  17.896780045  280.7566 
  17.902585034  279.472 
  17.908390023  277.09747 
  17.914195011  274.55795 
  17.920000000  271.87543 
  17.925804989  268.1998 
  17.931609977  263.3874 
  17.937414966  259.51648 
  17.943219955  252.45717 
  17.949024943  246.72122 
  17.954829932  243.87854 
  17.960634921  241.22333 
  17.966439909  240.74524 
  17.972244898  240.40424 
  17.978049887  240.23349 
  17.983854875  240.47493 
  17.989659864  240.64586 
  17.995464853  241.04831 
  18.001269841  242.13768 
  18.007074830  243.58536 
  18.012879819  244.74985 
  18.018684807  245.97223 
  18.024489796  246.7682 
  18.030294785  248.14221 
  18.036099773  249.94688 
  18.041904762  251.58954 
  18.047709751  251.92639 
  18.053514739  251.76616 
  18.059319728  252.04494 
  18.065124717  251.70198 
  18.070929705  252.28902 
  18.076734694  252.89299 
  18.082539683  252.2472 
  18.088344671  252.78133 
  18.094149660  252.96243 
  18.099954649  252.73552 
  18.105759637  254.12077 
  18.111564626  254.07674 
  18.117369615  255.35246 
  18.123174603  256.03506 
  18.128979592  256.27335 
  18.134784580  255.83835 
  18.140589569  254.66042 
  18.146394558  253.42453 
  18.152199546  251.76646 
  18.158004535  247.7166 
  18.163809524  246.76422 
  18.169614512  244.86346 
  18.175419501  245.11664 
  18.181224490  245.41055 
  18.187029478  243.60498 
  18.192834467  243.94014 
  18.198639456  241.75256 
  18.204444444  229.83844 
  18.210249433  231.36647 
  18.216054422  230.28494 
  18.221859410  229.49733 
  18.227664399  229.89406 
  18.233469388  228.747 
  18.239274376  228.67706 
  18.245079365  229.3315 
  18.250884354  230.72168 
  18.256689342  230.50385 
  18.262494331  229.85815 
  18.268299320  229.92958 
  18.274104308  229.80307 
  18.279909297  230.27556 
  18.285714286  231.44684 
  18.291519274  232.46167 
  18.297324263  233.06651 
  18.303129252  233.528 
  18.308934240  233.68108 
  18.314739229  233.49179 
  18.320544218  232.38998 
  18.349569161  242.24129 
  18.355374150  242.46605 
  18.361179138  240.84291 
  18.366984127  240.2993 
  18.372789116  239.88712 
  18.378594104  239.53488 
  18.384399093  239.46419 
  18.390204082  238.91978 
  18.396009070  238.41289 
  18.401814059  237.54877 
  18.407619048  237.31053 
  18.413424036  237.73064 
  18.419229025  237.77533 
  18.425034014  238.26266 
  18.430839002  238.6316 
  18.436643991  239.40338 
  18.442448980  240.26132 
  18.448253968  241.2757 
  18.454058957  242.078 
  18.459863946  243.45844 
  18.465668934  244.69608 
  18.471473923  246.30182 
  18.477278912  247.619 
  18.483083900  248.5326 
  18.488888889  250.01297 
  18.494693878  250.82524 
  18.500498866  252.18716 
  18.506303855  252.89491 
  18.512108844  253.81046 
  18.517913832  254.33408 
  18.523718821  254.69882 
  18.529523810  255.54683 
  18.535328798  255.73792 
  18.541133787  255.80365 
  18.546938776  255.97327 
  18.552743764  254.88931 
  18.558548753  254.4656 
  18.564353741  253.9201 
  18.570158730  252.56337 
  18.575963719  251.9808 
  18.581768707  249.98993 
  18.587573696  247.99419 
  18.593378685  246.66461 
  18.599183673  246.56726 
  18.604988662  247.07352 
  18.610793651  247.49722 
  18.616598639  248.5281 
  18.738503401  250.69376 
  18.744308390  251.20898 
  18.750113379  251.32764 
  18.755918367  250.00937 
  18.761723356  249.40662 
  18.767528345  248.31882 
  18.773333333  249.3949 
  18.779138322  245.35387 
  18.784943311  243.37033 
  18.790748299  242.43823 
  18.796553288  240.9626 
  18.802358277  242.27504 
  18.808163265  242.53116 
  18.813968254  242.77693 
  18.819773243  243.13597 
  18.825578231  242.89566 
  18.831383220  243.2654 
  18.837188209  243.66423 
  18.842993197  245.02261 
  18.848798186  246.99144 
  18.854603175  247.5075 
  18.860408163  247.8323 
  18.866213152  248.22763 
  18.872018141  247.26108 
  18.877823129  248.80061 
  18.883628118  251.20741 
  18.889433107  252.4069 
  18.895238095  252.64609 
  18.901043084  252.89658 
  18.906848073  252.93942 
  18.912653061  252.65663 
  18.918458050  253.93726 
  18.924263039  256.23816 
  18.930068027  257.85416 
  18.935873016  258.9679 
  18.941678005  260.22806 
  18.947482993  260.5752 
  18.953287982  262.34738 
  18.959092971  264.3889 
  18.964897959  267.619 
  18.970702948  270.61145 
  18.976507937  274.58463 
  18.982312925  276.93988 
  18.988117914  279.5163 
  18.993922902  282.5563 
  18.999727891  285.32593 
  19.005532880  287.56183 
  19.011337868  289.57806 
  19.017142857  290.92447 
  19.022947846  291.59085 
  19.028752834  292.38513 
  19.034557823  292.0624 
  19.040362812  291.9701 
  19.046167800  292.3998 
  19.051972789  292.1726 
  19.057777778  291.97366 
  19.063582766  290.87726 
  19.069387755  289.13315 
  19.075192744  287.75516 
  19.080997732  286.32324 
  19.086802721  285.90323 
  19.092607710  286.0257 
  19.098412698  286.1355 
  19.104217687  286.9765 
  19.110022676  287.54337 
  19.115827664  287.78973 
  19.121632653  288.0847 
  19.127437642  288.54596 
  19.133242630  290.16257 
  19.139047619  292.48648 
  19.144852608  293.8268 
  19.150657596  293.6392 
  19.156462585  290.26224 
  19.162267574  286.2376 
  19.319002268  330.5631 
  19.324807256  320.55096 
  19.330612245  313.72055 
  19.336417234  308.74152 
  19.342222222  302.26773 
  19.348027211  298.14026 
  19.353832200  294.74634 
  19.359637188  291.7849 
  19.365442177  289.73563 
  19.371247166  287.55518 
  19.377052154  285.6823 
  19.382857143  284.08398 
  19.388662132  282.78818 
  19.394467120  282.07336 
  19.400272109  281.6215 
  19.406077098  280.97937 
  19.411882086  280.4941 
  19.417687075  280.6368 
  19.423492063  280.40335 
  19.429297052  280.79227 
  19.435102041  281.0885 
  19.440907029  280.6729 
  19.446712018  281.15814 
  19.452517007  280.1495 
  19.458321995  279.2311 
  19.464126984  279.07053 
  19.469931973  277.3194 
  19.475736961  276.55444 
  19.481541950  275.36493 
  19.487346939  272.8543 
  19.493151927  273.81503 
  19.498956916  273.57565 
  19.504761905  274.371 
  19.510566893  272.99945 
  19.516371882  271.0487 
  19.522176871  267.8072 
  19.527981859  264.3898 
  19.533786848  257.30142 
  19.539591837  253.40804 
  19.545396825  249.8669 
  19.551201814  250.27702 
  19.557006803  247.46037 
  19.562811791  246.2634 
  19.568616780  246.7354 
  19.574421769  246.0954 
  19.580226757  247.07135 
  19.586031746  248.00699 
  19.591836735  248.1769 
  19.597641723  249.29036 
  19.603446712  250.63004 
  19.609251701  251.91505 
  19.615056689  252.92615 
  19.620861678  253.59836 
  19.626666667  253.94933 
  19.632471655  253.87999 
  19.638276644  254.15971 
  19.644081633  254.05804 
  19.649886621  254.4132 
  19.655691610  254.77162 
  19.661496599  253.94849 
  19.667301587  253.56512 
  19.673106576  252.52725 
  19.678911565  252.34552 
  19.684716553  252.38107 
  19.690521542  252.62325 
  19.696326531  253.64864 
  19.702131519  253.17235 
  19.707936508  254.58113 
  19.713741497  255.03514 
  19.719546485  255.10222 
  19.725351474  255.58464 
  19.731156463  256.1963 
  19.736961451  256.93637 
  19.742766440  258.03723 
  19.748571429  258.11978 
  19.754376417  258.67276 
  19.760181406  257.9435 
  19.765986395  255.52736 
  19.771791383  253.47618 
  19.777596372  249.21883 
  19.829841270  235.87831 
  19.835646259  236.33868 
  19.841451247  235.22533 
  19.847256236  233.46039 
  19.853061224  232.05934 
  19.858866213  230.64792 
  19.864671202  229.34944 
  19.870476190  229.27061 
  19.876281179  229.32579 
  19.882086168  229.27028 
  19.887891156  229.59944 
  19.893696145  229.65498 
  19.899501134  229.6031 
  20.102675737  266.75955 
  20.108480726  264.56693 
  20.114285714  262.65137 
  20.120090703  260.8853 
  20.125895692  259.31512 
  20.131700680  258.7828 
  20.137505669  256.6975 
  20.143310658  256.44846 
  20.149115646  256.40704 
  20.154920635  255.17412 
  20.160725624  255.45157 
  20.166530612  255.4331 
  20.172335601  254.48485 
  20.178140590  254.59268 
  20.183945578  254.04086 
  20.189750567  253.76367 
  20.195555556  253.72151 
  20.201360544  254.3843 
  20.207165533  255.01682 
  20.212970522  254.6781 
  20.218775510  253.95274 
  20.224580499  252.68709 
  20.230385488  251.37848 
  20.236190476  249.91719 
  20.241995465  248.82411 
  20.247800454  248.01352 
  20.253605442  244.07765 
  20.387120181  295.93063 
  20.392925170  295.21838 
  20.398730159  293.50095 
  20.404535147  290.61136 
  20.410340136  287.9803 
  20.416145125  284.57022 
  20.421950113  282.42163 
  20.427755102  281.17792 
  20.433560091  280.2352 
  20.439365079  279.52194 
  20.445170068  278.1085 
  20.450975057  277.06427 
  20.456780045  276.33163 
  20.462585034  275.99957 
  20.468390023  275.26474 
  20.474195011  275.54266 
  20.480000000  275.36365 
  20.485804989  275.13123 
  20.491609977  275.60736 
  20.497414966  275.43378 
  20.503219955  275.4974 
  20.509024943  275.2903 
  20.514829932  273.71515 
  20.671564626  312.5141 
  20.677369615  307.8892 
  20.683174603  305.7876 
  20.688979592  304.07217 
  20.694784580  301.71173 
  20.700589569  300.73297 
  20.706394558  300.11633 
  20.712199546  298.6696 
  20.718004535  297.7789 
  20.723809524  297.18948 
  20.729614512  296.46423 
  20.735419501  296.15204 
  20.741224490  295.89627 
  20.747029478  295.21826 
  20.752834467  295.11554 
  20.758639456  295.00436 
  20.764444444  295.17273 
  20.770249433  295.35364 
  20.776054422  295.4331 
  20.781859410  295.23053 
  20.787664399  294.3663 
  20.793469388  293.6859 
  20.903764172  345.67728 
  20.909569161  337.393 
  20.915374150  334.22946 
  20.921179138  331.86844 
  20.926984127  331.8768 
  20.932789116  332.50113 
  20.938594104  333.09573 
  20.944399093  332.40347 
  20.950204082  332.12405 
  20.956009070  331.53296 
  20.961814059  331.2173 
  20.967619048  331.76968 
  20.973424036  331.53204 
  20.979229025  331.47617 
  20.985034014  331.07697 
  20.990839002  330.29126 
  20.996643991  329.7761 
  21.002448980  329.51492 
  21.008253968  329.5493 
  21.014058957  329.92398 
  21.019863946  330.02045 
  21.025668934  329.8893 
  21.031473923  329.60938 
  21.037278912  329.2575 
  21.043083900  328.70358 
  21.048888889  328.51196 
  21.054693878  328.91116 
  21.060498866  328.57068 
  21.066303855  328.22504 
  21.072108844  327.54974 
  21.077913832  325.64752 
  21.083718821  323.9894 
  21.089523810  321.34515 
  21.095328798  316.69705 
  21.101133787  315.08762 
  21.257868481  387.35065 
  21.263673469  386.7614 
  21.269478458  385.92667 
  21.275283447  386.21133 
  21.281088435  386.41595 
  21.286893424  385.42953 
  21.292698413  384.09308 
  21.298503401  381.66486 
  21.304308390  378.90805 
  21.310113379  375.9494 
  21.315918367  372.97437 
  21.321723356  370.28546 
  21.327528345  367.5312 
  21.333333333  365.06464 
  21.339138322  364.08395 
  21.344943311  363.28238 
  21.350748299  363.08295 
  21.356553288  362.62802 
  21.362358277  361.81274 
  21.368163265  361.25555 
  21.373968254  360.4615 
  21.379773243  360.49564 
  21.385578231  360.30402 
  21.391383220  360.06396 
  21.397188209  359.80878 
  21.402993197  358.972 
  21.408798186  358.81815 
  21.414603175  358.4927 
  21.420408163  358.61163 
  21.426213152  358.45233 
  21.432018141  357.90604 
  21.437823129  357.7496 
  21.443628118  357.32468 
  21.449433107  357.43945 
  21.455238095  357.65933 
  21.461043084  357.9599 
  21.466848073  358.68463 
  21.472653061  358.88058 
  21.478458050  359.80875 
  21.484263039  360.02588 
  21.490068027  360.0601 
  21.495873016  360.136 
  21.501678005  359.88055 
  21.507482993  360.07962 
  21.513287982  360.18887 
  21.519092971  360.13333 
  21.524897959  360.33295 
  21.530702948  360.42438 
  21.536507937  360.76526 
  21.542312925  361.2738 
  21.548117914  361.3571 
  21.553922902  361.30685 
  21.559727891  360.8345 
  21.565532880  360.21808 
  21.571337868  359.7305 
  21.577142857  358.62665 
  21.582947846  358.25055 
  21.588752834  357.3798 
  21.594557823  356.93845 
  21.600362812  356.77695 
  21.606167800  356.0446 
  21.611972789  356.22806 
  21.617777778  356.11166 
  21.623582766  356.0818 
  21.629387755  356.4081 
  21.635192744  357.1517 
  21.640997732  357.7001 
  21.646802721  359.55945 
  21.652607710  361.66574 
  21.658412698  363.02112 
  21.664217687  364.2904 
  21.670022676  363.74417 
  21.675827664  363.68518 
  21.681632653  363.71387 
  21.687437642  363.8175 
  21.693242630  364.5074 
  21.699047619  364.74295 
  21.704852608  364.17715 
  21.710657596  363.26672 
  21.716462585  362.04108 
  21.722267574  361.18616 
  21.728072562  361.0197 
  21.733877551  360.661 
  21.739682540  360.7186 
  21.745487528  359.54993 
  21.751292517  358.5573 
  21.757097506  358.21753 
  21.762902494  356.4878 
  21.768707483  357.41772 
  21.774512472  359.37622 
  21.780317460  360.7639 
  22.401451247  340.12073 
  22.407256236  328.03116 
  22.413061224  325.21878 
  22.418866213  325.66336 
  22.424671202  325.2319 
  22.430476190  325.64798 
  22.436281179  326.1091 
  22.442086168  327.00644 
  22.447891156  328.0195 
  22.453696145  330.38507 
  22.459501134  333.3511 
  22.465306122  336.60648 
  22.471111111  339.78415 
  22.476916100  342.51288 
  22.482721088  345.88046 
  22.488526077  347.2757 
  22.494331066  348.42633 
  22.500136054  351.26855 
  22.505941043  353.35382 
  22.511746032  356.61893 
  22.517551020  359.7974 
  22.523356009  360.7398 
  22.529160998  362.77716 
  22.534965986  365.55862 
  22.540770975  368.9741 
  22.546575964  370.93933 
  22.552380952  373.1254 
  22.558185941  374.97284 
  22.563990930  377.14487 
  22.569795918  380.19928 
  22.575600907  382.89523 
  22.581405896  384.86523 
  22.587210884  386.7218 
  22.593015873  387.62573 
  22.598820862  388.63824 
  22.604625850  389.8561 
  22.610430839  390.50266 
  22.616235828  391.45596 
  22.622040816  391.9334 
  22.627845805  390.95377 
  22.633650794  390.13525 
  22.639455782  388.217 
  22.645260771  384.9722 
  22.651065760  381.95892 
  22.656870748  375.21042 
  22.662675737  367.8881 
  22.668480726  360.1017 
  22.674285714  352.93427 
  22.680090703  345.7613 
  22.685895692  332.81268 
  22.691700680  319.42575 
  22.697505669  318.9533 
  22.703310658  305.4582 
  22.709115646  303.02505 
  22.714920635  300.06958 
  22.720725624  309.33728 
  22.726530612  320.58258 
  22.732335601  336.04773 
  22.738140590  348.39407 
  22.743945578  352.04868 
  22.749750567  354.29727 
  22.755555556  354.9049 
  22.761360544  355.20337 
  22.767165533  355.06833 
  22.772970522  354.7965 
  22.778775510  354.51083 
  22.784580499  355.10757 
  22.790385488  355.7621 
  22.796190476  356.45886 
  22.801995465  357.7716 
  22.807800454  358.46274 
  22.813605442  359.70734 
  22.819410431  361.19403 
  22.825215420  362.70392 
  22.831020408  365.09146 
  22.836825397  366.80215 
  22.842630385  368.49988 
  22.848435374  368.79028 
  22.854240363  368.6786 
  22.860045351  369.10672 
  22.865850340  369.26974 
  22.871655329  369.66577 
  22.877460317  369.1906 
  22.883265306  368.45486 
  22.889070295  367.9514 
  22.894875283  367.41373 
  22.900680272  367.03116 
  22.906485261  366.71036 
  22.912290249  365.8874 
  22.918095238  364.6376 
  22.923900227  362.54263 
  22.929705215  358.6653 
  22.935510204  352.53275 
  22.941315193  341.12863 
  22.947120181  328.8054 
  22.952925170  322.28232 
  22.958730159  323.22104 
  22.964535147  323.36188 
  22.970340136  327.19345 
  22.981950113  358.17953 
  22.987755102  370.51654 
  22.993560091  376.5868 
  22.999365079  376.244 
  23.005170068  376.57382 
  23.010975057  377.6134 
  23.016780045  378.09048 
  23.022585034  379.7797 
  23.028390023  381.01202 
  23.034195011  381.41406 
  23.040000000  381.63248 
  23.045804989  382.4227 
  23.051609977  382.9825 
  23.057414966  383.4006 
  23.063219955  383.4639 
  23.069024943  382.17014 
  23.074829932  380.16943 
  23.080634921  379.0645 
  23.086439909  376.79343 
  23.092244898  376.11563 
  23.098049887  375.7587 
  23.103854875  375.0157 
  23.109659864  374.58575 
  23.115464853  373.48373 
  23.121269841  373.2297 
  23.127074830  374.13586 
  23.132879819  374.7865 
  23.138684807  375.54852 
  23.144489796  373.3175 
  23.150294785  366.32422 
  23.156099773  361.32675 
  23.161904762  349.44202 
  23.167709751  341.00436 
  23.173514739  335.23685 
  23.179319728  336.98294 
  23.185124717  338.73413 
  23.190929705  336.212 
  23.196734694  341.1609 
  23.202539683  339.82022 
  23.208344671  335.5299 
  23.214149660  335.4475 
  23.219954649  336.96887 
  23.225759637  339.5212 
  23.231564626  345.35745 
  23.237369615  351.469 
  23.243174603  354.93097 
  23.248979592  357.89722 
  23.254784580  360.85562 
  23.260589569  363.16165 
  23.266394558  364.38266 
  23.272199546  365.27087 
  23.278004535  365.93823 
  23.283809524  366.053 
  23.289614512  366.4422 
  23.295419501  367.19882 
  23.301224490  367.3893 
  23.307029478  367.50464 
  23.312834467  366.84488 
  23.318639456  365.92938 
  23.324444444  364.81754 
  23.330249433  363.14465 
  23.336054422  362.91327 
  23.341859410  362.0695 
  23.347664399  361.33902 
  23.353469388  361.2602 
  23.359274376  359.41745 
  23.365079365  357.49765 
  23.370884354  354.9515 
  23.376689342  352.00528 
  23.382494331  349.36334 
  23.388299320  346.12512 
  23.394104308  341.52936 
  23.399909297  334.73666 
  23.405714286  324.65405 
  23.411519274  326.80524 
  23.579863946  357.6179 
  23.585668934  355.585 
  23.591473923  356.3265 
  23.597278912  355.50748 
  23.603083900  356.30228 
  23.608888889  357.11337 
  23.614693878  357.2122 
  23.620498866  356.2118 
  23.626303855  356.13846 
  23.632108844  355.61243 
  23.637913832  354.2446 
  23.643718821  352.9999 
  23.649523810  351.29086 
  23.655328798  348.59442 
  23.661133787  346.23618 
  23.666938776  343.35153 
  23.672743764  339.48013 
  23.678548753  335.3237 
  23.684353741  331.72598 
  23.690158730  329.68817 
  23.695963719  328.08768 
  23.701768707  327.38208 
  23.707573696  326.44238 
  23.713378685  325.67093 
  23.719183673  326.0309 
  23.724988662  325.69046 
  23.730793651  324.43027 
  23.736598639  321.85327 
  23.742403628  316.68823 
  23.748208617  313.91342 
  23.754013605  317.52887 
  23.759818594  320.23236 
  23.765623583  320.7139 
  23.771428571  320.3394 
  23.777233560  318.65262 
  23.783038549  316.46658 
  23.788843537  314.60922 
  23.794648526  312.2232 
  23.800453515  307.95963 
  23.806258503  305.7433 
  23.812063492  302.2929 
  23.817868481  299.27145 
  23.823673469  299.33 
  23.829478458  294.68713 
  23.835283447  291.32202 
  23.841088435  289.2698 
  23.846893424  286.0531 
  23.852698413  285.90842 
  23.858503401  286.80972 
  23.864308390  287.90802 
  23.870113379  289.18658 
  23.875918367  290.91928 
  23.881723356  292.3263 
  23.887528345  294.73227 
  23.893333333  296.6813 
  23.899138322  299.20187 
  23.904943311  302.2315 
  23.910748299  303.7758 
  23.916553288  304.99207 
  23.922358277  305.70142 
  23.928163265  305.4505 
  23.933968254  304.57822 
  23.939773243  303.71332 
  23.945578231  302.99774 
  23.951383220  302.02972 
  23.957188209  300.24533 
  24.108117914  346.31348 
  24.113922902  345.9555 
  24.119727891  343.60052 
  24.125532880  343.4081 
  24.131337868  342.15863 
  24.137142857  339.61084 
  24.142947846  339.33066 
  24.148752834  338.3178 
  24.154557823  337.23755 
  24.160362812  337.47314 
  24.166167800  336.57382 
  24.171972789  335.60132 
  24.177777778  335.9055 
  24.183582766  335.68182 
  24.189387755  336.41455 
  24.195192744  337.53116 
  24.200997732  337.32843 
  24.206802721  338.44498 
  24.212607710  340.21982 
  24.218412698  339.96524 
  24.224217687  340.4628 
  24.230022676  340.5674 
  24.235827664  339.57892 
  24.241632653  339.98346 
  24.247437642  340.74615 
  24.253242630  340.0448 
  24.259047619  338.9304 
  24.264852608  339.47586 
  24.270657596  337.9207 
  24.276462585  337.17374 
  24.282267574  334.1555 
  24.288072562  325.5226 
  24.293877551  320.25137 
  24.299682540  315.3102 
  24.357732426  309.26062 
  24.363537415  320.05383 
  24.369342404  326.35184 
  24.375147392  329.0348 
  24.3