
  1.369977324  298.7793 
  1.375782313  310.57486 
  1.381587302  322.97052 
  1.387392290  332.2111 
  1.393197279  337.07367 
  1.399002268  339.97592 
  1.404807256  344.3728 
  1.410612245  348.8506 
  1.416417234  352.76233 
  1.422222222  356.02808 
  1.428027211  358.49863 
  1.433832200  360.94028 
  1.439637188  362.76648 
  1.445442177  365.00925 
  1.451247166  369.20865 
  1.457052154  374.86093 
  1.462857143  379.8182 
  1.468662132  379.9769 
  1.474467120  379.35193 
  1.480272109  378.22528 
  1.486077098  375.32193 
  1.491882086  371.25372 
  1.578956916  331.70084 
  1.584761905  336.88995 
  1.590566893  340.82016 
  1.596371882  342.06247 
  1.602176871  344.11957 
  1.607981859  345.95102 
  1.613786848  345.72913 
  1.619591837  344.37476 
  1.625396825  342.93103 
  1.631201814  340.8287 
  1.637006803  337.90952 
  1.642811791  335.08395 
  1.648616780  332.0764 
  1.654421769  329.5854 
  1.660226757  327.39615 
  1.666031746  324.08185 
  1.671836735  319.46158 
  1.677641723  314.2741 
  1.683446712  309.38992 
  1.689251701  306.74875 
  1.695056689  304.12268 
  1.700861678  300.79224 
  1.706666667  296.63034 
  1.712471655  291.77505 
  1.718276644  289.4517 
  1.724081633  288.6032 
  1.729886621  283.79675 
  1.735691610  280.61673 
  1.741496599  278.66547 
  1.747301587  277.36075 
  1.753106576  277.4623 
  1.758911565  277.57816 
  1.764716553  277.04907 
  1.770521542  276.3099 
  1.776326531  275.89178 
  1.782131519  276.4312 
  1.787936508  277.83453 
  1.793741497  280.35272 
  1.799546485  285.09967 
  1.805351474  290.18732 
  1.811156463  303.18704 
  1.816961451  308.59454 
  1.822766440  305.35345 
  1.828571429  294.24185 
  1.944671202  341.617 
  1.950476190  346.69434 
  1.956281179  350.0344 
  1.962086168  350.93637 
  1.967891156  351.8839 
  1.973696145  352.0352 
  1.979501134  352.26324 
  1.985306122  353.07642 
  1.991111111  354.0957 
  1.996916100  356.1566 
  2.002721088  356.77094 
  2.008526077  356.85135 
  2.014331066  357.03336 
  2.020136054  353.29114 
  2.025941043  354.2848 
  2.031746032  357.7137 
  2.037551020  360.70377 
  2.043356009  364.06348 
  2.049160998  365.75006 
  2.054965986  366.37476 
  2.060770975  366.39084 
  2.066575964  366.15686 
  2.072380952  366.52594 
  2.078185941  367.27823 
  2.083990930  369.16272 
  2.089795918  370.77603 
  2.095600907  371.77203 
  2.101405896  370.84753 
  2.107210884  368.63647 
  2.113015873  364.62668 
  2.118820862  358.4763 
  2.124625850  349.7783 
  2.130430839  336.5781 
  2.205895692  356.46356 
  2.211700680  365.59753 
  2.217505669  370.19653 
  2.223310658  369.98627 
  2.229115646  369.85065 
  2.234920635  367.76514 
  2.240725624  365.15787 
  2.246530612  362.3443 
  2.252335601  360.27988 
  2.258140590  360.5189 
  2.263945578  360.03568 
  2.269750567  360.09088 
  2.275555556  359.27365 
  2.281360544  354.3679 
  2.287165533  346.98438 
  2.362630385  333.44327 
  2.368435374  335.30322 
  2.374240363  334.7699 
  2.380045351  332.09183 
  2.385850340  329.55325 
  2.391655329  326.81934 
  2.397460317  323.61307 
  2.403265306  321.46768 
  2.409070295  320.5956 
  2.414875283  319.7858 
  2.420680272  319.87668 
  2.426485261  319.80222 
  2.432290249  314.4556 
  2.536780045  293.40262 
  2.542585034  298.82043 
  2.548390023  303.37656 
  2.554195011  306.37668 
  2.560000000  308.23486 
  2.565804989  309.7476 
  2.571609977  309.98 
  2.577414966  309.09787 
  2.583219955  308.7898 
  2.589024943  308.63992 
  2.594829932  308.7862 
  2.600634921  308.90634 
  2.606439909  307.56055 
  2.612244898  306.64148 
  2.618049887  302.41074 
  2.745759637  258.66492 
  2.751564626  264.3751 
  2.757369615  268.25714 
  2.763174603  276.445 
  2.768979592  286.16608 
  2.774784580  290.55832 
  2.780589569  294.95135 
  2.786394558  298.86707 
  2.792199546  301.95007 
  2.798004535  303.04288 
  2.803809524  303.5526 
  2.809614512  303.26993 
  2.815419501  302.30515 
  2.821224490  301.2885 
  2.827029478  299.95963 
  2.832834467  298.77774 
  2.838639456  299.07657 
  2.844444444  300.8901 
  2.850249433  300.30582 
  2.856054422  299.58524 
  2.873469388  298.00677 
  2.879274376  303.86923 
  2.885079365  304.18726 
  2.890884354  304.99872 
  2.896689342  302.7497 
  2.902494331  299.06573 
  2.908299320  295.4607 
  2.914104308  289.16516 
  2.919909297  279.7105 
  2.925714286  264.81546 
  2.931519274  259.30164 
  2.937324263  255.61508 
  2.943129252  252.57222 
  2.948934240  249.0091 
  2.954739229  242.78766 
  2.960544218  237.63287 
  2.966349206  232.40086 
  2.972154195  227.05582 
  2.977959184  223.48917 
  2.983764172  218.64792 
  2.989569161  213.84926 
  2.995374150  209.94069 
  3.001179138  210.5979 
  3.006984127  209.48874 
  3.012789116  208.0689 
  3.018594104  206.10442 
  3.024399093  204.23257 
  3.030204082  201.94345 
  3.036009070  199.91283 
  3.041814059  198.04683 
  3.047619048  196.91702 
  3.053424036  196.26295 
  3.059229025  194.85213 
  3.065034014  194.18341 
  3.070839002  193.647 
  3.076643991  193.62149 
  3.082448980  193.42079 
  3.088253968  193.45532 
  3.094058957  192.10887 
  3.099863946  191.10152 
  3.227573696  181.82857 
  3.233378685  182.75427 
  3.239183673  182.99464 
  3.244988662  182.91798 
  3.250793651  181.95102 
  3.256598639  180.49013 
  3.262403628  178.72389 
  3.268208617  177.4621 
  3.274013605  176.57967 
  3.279818594  175.73021 
  3.285623583  175.63101 
  3.291428571  175.7298 
  3.297233560  175.7295 
  3.303038549  176.25554 
  3.308843537  177.03685 
  3.314648526  177.24614 
  3.697777778  278.03174 
  3.703582766  286.26538 
  3.709387755  288.38907 
  3.715192744  288.78665 
  3.720997732  287.82248 
  3.726802721  286.01453 
  3.732607710  285.16553 
  3.738412698  285.4501 
  3.744217687  286.59915 
  3.750022676  287.94028 
  3.755827664  288.58896 
  3.761632653  289.3357 
  3.767437642  290.20944 
  3.773242630  291.79343 
  3.779047619  293.9107 
  3.784852608  296.0569 
  3.790657596  297.6672 
  3.796462585  299.0675 
  3.802267574  300.7822 
  3.808072562  301.03333 
  3.813877551  298.68735 
  3.819682540  288.80817 
  3.825487528  272.9465 
  3.831292517  266.9424 
  3.837097506  259.27048 
  3.842902494  254.64935 
  3.848707483  252.2479 
  3.854512472  251.9319 
  3.860317460  255.22787 
  3.866122449  257.79166 
  3.871927438  265.70648 
  3.877732426  280.9991 
  3.889342404  314.73996 
  3.895147392  323.49213 
  3.900952381  328.90817 
  3.906757370  333.60245 
  3.912562358  335.4185 
  3.918367347  335.0827 
  3.924172336  332.46368 
  3.929977324  327.63116 
  3.935782313  323.59998 
  3.941587302  319.39603 
  3.947392290  315.73535 
  3.953197279  310.29047 
  3.959002268  301.70053 
  3.964807256  289.12466 
  4.046077098  273.37457 
  4.051882086  277.19403 
  4.057687075  278.55936 
  4.063492063  282.1459 
  4.069297052  285.39285 
  4.075102041  290.51547 
  4.080907029  295.3691 
  4.086712018  302.70193 
  4.092517007  309.23175 
  4.098321995  312.10275 
  4.104126984  313.03726 
  4.109931973  312.8356 
  4.115736961  311.4018 
  4.121541950  309.8853 
  4.127346939  306.35965 
  4.133151927  301.285 
  4.138956916  296.14133 
  4.144761905  287.51718 
  4.150566893  279.08893 
  4.156371882  272.87726 
  4.162176871  269.67798 
  4.167981859  266.0184 
  4.173786848  262.43066 
  4.179591837  258.30734 
  4.185396825  254.38126 
  4.191201814  249.52591 
  4.197006803  245.49792 
  4.202811791  241.34311 
  4.208616780  237.5956 
  4.214421769  234.12245 
  4.220226757  230.61047 
  4.226031746  227.11403 
  4.231836735  224.13544 
  4.237641723  221.18976 
  4.243446712  216.78705 
  4.249251701  212.86816 
  4.255056689  209.20613 
  4.260861678  206.02011 
  4.266666667  202.76816 
  4.272471655  200.31912 
  4.278276644  198.08377 
  4.284081633  196.17023 
  4.289886621  194.7852 
  4.295691610  194.11705 
  4.301496599  193.92664 
  4.307301587  192.90558 
  4.313106576  192.121 
  4.318911565  191.29185 
  4.324716553  189.67567 
  4.330521542  187.26659 
  4.336326531  195.25047 
  4.342131519  185.2122 
  4.347936508  184.27168 
  4.353741497  182.00404 
  4.359546485  180.71532 
  4.365351474  178.53648 
  4.371156463  177.5141 
  4.376961451  179.47462 
  4.382766440  181.11208 
  4.388571429  182.0933 
  4.394376417  182.53854 
  4.400181406  181.80147 
  4.405986395  181.06677 
  4.411791383  178.88669 
  4.417596372  176.78783 
  4.423401361  175.46442 
  4.429206349  173.89943 
  4.435011338  172.88995 
  4.440816327  171.98723 
  4.446621315  171.00198 
  4.452426304  169.4028 
  4.458231293  167.28365 
  4.464036281  164.54648 
  5.659863946  310.39694 
  5.665668934  307.46274 
  5.671473923  305.66315 
  5.677278912  304.83792 
  5.683083900  303.90845 
  5.688888889  302.75168 
  5.694693878  301.57257 
  5.700498866  300.75192 
  5.706303855  300.65768 
  5.712108844  300.01956 
  5.717913832  298.8008 
  5.723718821  298.1765 
  5.729523810  297.27997 
  5.735328798  297.2437 
  5.741133787  298.42868 
  5.746938776  299.2538 
  5.752743764  300.45618 
  5.758548753  301.15195 
  5.764353741  301.5176 
  5.770158730  302.74826 
  5.775963719  301.51883 
  5.781768707  300.60596 
  5.787573696  300.77 
  5.793378685  299.88577 
  5.799183673  300.45172 
  5.804988662  301.07434 
  5.810793651  307.49173 
  5.874648526  243.8397 
  5.880453515  245.27324 
  5.886258503  248.35458 
  5.892063492  254.64041 
  5.897868481  260.97476 
  5.903673469  267.71814 
  5.909478458  272.722 
  5.915283447  277.2251 
  5.921088435  283.08163 
  5.926893424  287.48105 
  5.932698413  290.35565 
  5.938503401  291.69882 
  5.944308390  292.794 
  5.950113379  293.4643 
  5.955918367  293.84653 
  5.961723356  294.9935 
  5.967528345  296.61508 
  5.973333333  298.51007 
  5.979138322  299.9117 
  5.984943311  300.92697 
  5.990748299  302.58185 
  5.996553288  303.28644 
  6.002358277  303.90332 
  6.008163265  304.39688 
  6.013968254  305.03647 
  6.019773243  305.82443 
  6.025578231  306.49863 
  6.031383220  307.22653 
  6.037188209  307.93808 
  6.042993197  308.7246 
  6.048798186  309.68503 
  6.054603175  310.87503 
  6.060408163  311.88962 
  6.066213152  313.03067 
  6.072018141  314.23883 
  6.077823129  316.73248 
  6.083628118  321.08002 
  6.089433107  326.25345 
  6.095238095  330.90024 
  6.101043084  335.09497 
  6.106848073  340.4237 
  6.112653061  349.2253 
  6.118458050  355.88718 
  6.124263039  360.98892 
  6.130068027  364.40005 
  6.135873016  367.34296 
  6.141678005  369.86746 
  6.147482993  372.14526 
  6.153287982  374.8289 
  6.159092971  377.44165 
  6.164897959  380.1285 
  6.170702948  382.60324 
  6.176507937  383.96518 
  6.182312925  385.05322 
  6.188117914  385.4288 
  6.193922902  385.73672 
  6.199727891  386.09753 
  6.205532880  386.72064 
  6.211337868  387.54892 
  6.217142857  388.64905 
  6.222947846  390.54684 
  6.228752834  392.22482 
  6.234557823  394.07413 
  6.240362812  395.44357 
  6.246167800  396.57953 
  6.251972789  396.67944 
  6.257777778  396.10165 
  6.263582766  395.82947 
  6.269387755  395.4603 
  6.275192744  395.5623 
  6.280997732  395.9521 
  6.286802721  396.31705 
  6.292607710  396.85855 
  6.298412698  397.77386 
  6.304217687  399.78467 
  6.310022676  400.02008 
  6.315827664  395.11932 
  6.321632653  383.37485 
  6.327437642  363.7473 
  6.414512472  362.27454 
  6.420317460  363.321 
  6.426122449  363.16782 
  6.431927438  362.69357 
  6.437732426  360.93625 
  6.443537415  361.2144 
  6.449342404  361.03802 
  6.455147392  361.355 
  6.460952381  362.39816 
  6.466757370  362.44476 
  6.472562358  363.65927 
  6.478367347  364.972 
  6.484172336  366.51645 
  6.489977324  368.71643 
  6.495782313  370.06732 
  6.501587302  370.70273 
  6.507392290  370.95154 
  6.513197279  371.07312 
  6.519002268  370.97394 
  6.524807256  370.99484 
  6.530612245  371.1405 
  6.536417234  370.23132 
  6.542222222  369.56668 
  6.548027211  368.62976 
  6.553832200  367.54028 
  6.559637188  367.8627 
  6.565442177  367.67267 
  6.571247166  367.07715 
  6.577052154  366.27954 
  6.582857143  364.49118 
  6.588662132  363.14856 
  6.594467120  362.8258 
  6.600272109  363.1372 
  6.606077098  364.82275 
  6.611882086  366.07373 
  6.617687075  366.80753 
  6.623492063  366.56113 
  6.629297052  364.8947 
  6.635102041  362.39258 
  6.640907029  358.17816 
  6.646712018  347.24023 
  6.739591837  362.29422 
  6.745396825  358.03107 
  6.751201814  359.66718 
  6.757006803  365.39594 
  6.762811791  370.02335 
  6.768616780  374.77475 
  6.774421769  379.59415 
  6.780226757  383.38574 
  6.786031746  387.06772 
  6.791836735  389.9957 
  6.797641723  391.44968 
  6.803446712  391.7541 
  6.809251701  392.0927 
  6.815056689  391.49933 
  6.820861678  391.1066 
  6.826666667  389.76712 
  6.832471655  387.81656 
  6.838276644  385.58734 
  6.844081633  383.03268 
  6.849886621  382.4347 
  6.855691610  381.05026 
  6.861496599  380.57886 
  6.867301587  380.28455 
  6.873106576  380.31506 
  6.878911565  380.5307 
  6.884716553  380.33432 
  6.890521542  381.42722 
  6.896326531  382.01028 
  6.902131519  384.52777 
  6.907936508  388.26758 
  6.913741497  390.97864 
  6.919546485  394.88492 
  6.925351474  396.41168 
  6.931156463  397.76593 
  6.936961451  399.307 
  6.942766440  400.17703 
  6.948571429  401.07495 
  6.954376417  401.3274 
  6.960181406  401.4817 
  6.965986395  401.67822 
  6.971791383  401.10458 
  6.977596372  399.68365 
  6.983401361  397.93948 
  6.989206349  396.49045 
  6.995011338  394.9698 
  7.000816327  394.16058 
  7.006621315  393.50177 
  7.012426304  392.08264 
  7.018231293  391.14355 
  7.024036281  391.09256 
  7.029841270  391.7963 
  7.035646259  392.94263 
  7.041451247  393.73843 
  7.047256236  393.46262 
  7.053061224  392.99246 
  7.058866213  392.77234 
  7.064671202  393.28024 
  7.070476190  393.4511 
  7.076281179  392.6502 
  7.082086168  391.82724 
  7.087891156  390.36453 
  7.093696145  389.92093 
  7.099501134  390.24243 
  7.105306122  391.07343 
  7.111111111  392.34943 
  7.116916100  391.3837 
  7.122721088  390.21518 
  7.128526077  389.08347 
  7.134331066  387.06134 
  7.140136054  386.51636 
  7.145941043  386.8038 
  7.151746032  387.58603 
  7.157551020  389.8813 
  7.163356009  389.94833 
  7.169160998  390.2562 
  7.174965986  390.15152 
  7.180770975  389.5245 
  7.186575964  390.74393 
  7.192380952  391.56067 
  7.198185941  393.74475 
  7.203990930  395.32324 
  7.209795918  395.8365 
  7.215600907  396.7089 
  7.221405896  396.61047 
  7.227210884  397.30865 
  7.233015873  398.53528 
  7.238820862  398.49002 
  7.244625850  397.34866 
  7.250430839  396.00867 
  7.256235828  394.77118 
  7.262040816  394.88855 
  7.267845805  395.96896 
  7.273650794  396.11142 
  7.279455782  396.13528 
  7.285260771  394.75305 
  7.291065760  394.9526 
  7.296870748  395.95334 
  7.302675737  397.1236 
  7.308480726  398.78537 
  7.314285714  399.34964 
  7.320090703  399.23663 
  7.325895692  399.40067 
  7.331700680  399.54993 
  7.337505669  400.02988 
  7.343310658  400.6667 
  7.349115646  400.99356 
  7.354920635  400.35312 
  7.360725624  399.33408 
  7.366530612  398.45056 
  7.372335601  396.82556 
  7.378140590  395.8736 
  7.383945578  395.40707 
  7.389750567  394.2954 
  7.395555556  393.77557 
  7.401360544  393.55847 
  7.407165533  392.85132 
  7.412970522  393.2969 
  7.418775510  393.56088 
  7.424580499  393.62943 
  7.430385488  394.4192 
  7.436190476  394.47723 
  7.441995465  394.59726 
  7.447800454  394.09082 
  7.453605442  393.87595 
  7.459410431  394.3069 
  7.465215420  395.1857 
  7.471020408  396.51877 
  7.476825397  397.23648 
  7.482630385  397.3609 
  7.488435374  397.5968 
  7.494240363  398.07687 
  7.500045351  398.47052 
  7.505850340  398.81866 
  7.511655329  398.36865 
  7.517460317  397.6013 
  7.523265306  397.36945 
  7.529070295  396.62457 
  7.534875283  395.61145 
  7.540680272  394.68665 
  7.546485261  391.4245 
  7.552290249  388.69696 
  7.558095238  385.84164 
  7.563900227  381.79187 
  7.569705215  381.40936 
  7.650975057  382.98212 
  7.656780045  373.58487 
  7.662585034  372.74344 
  7.668390023  369.65967 
  7.674195011  367.04474 
  7.680000000  365.41953 
  7.685804989  363.78284 
  7.691609977  364.47534 
  7.697414966  365.65024 
  7.703219955  368.27402 
  7.709024943  369.9611 
  7.714829932  370.45044 
  7.720634921  370.3789 
  7.726439909  369.7984 
  7.732244898  369.79532 
  7.738049887  369.96286 
  7.743854875  370.67078 
  7.749659864  370.34912 
  7.755464853  369.7946 
  7.761269841  369.34384 
  7.767074830  368.5611 
  7.772879819  368.1287 
  7.778684807  367.36307 
  7.784489796  366.0007 
  7.790294785  364.58548 
  7.796099773  361.72244 
  7.801904762  359.02945 
  7.807709751  356.53592 
  7.813514739  351.36255 
  7.819319728  349.02512 
  7.900589569  403.8401 
  7.906394558  405.6052 
  7.912199546  404.5407 
  7.918004535  400.76813 
  7.923809524  397.84113 
  7.929614512  393.07257 
  7.935419501  386.76733 
  7.941224490  382.7708 
  7.947029478  381.71048 
  7.952834467  381.3127 
  7.958639456  381.48627 
  7.964444444  383.0606 
  7.970249433  385.5056 
  7.976054422  387.5267 
  7.981859410  388.9237 
  7.987664399  389.97473 
  7.993469388  390.46088 
  7.999274376  390.92804 
  8.005079365  392.53775 
  8.010884354  395.09314 
  8.016689342  396.86154 
  8.022494331  397.90323 
  8.028299320  397.46503 
  8.034104308  395.17288 
  8.039909297  391.88455 
  8.045714286  388.8563 
  8.051519274  386.0435 
  8.057324263  383.64987 
  8.063129252  383.01544 
  8.068934240  385.10696 
  8.103764172  356.66293 
  8.109569161  371.13123 
  8.115374150  375.94525 
  8.121179138  375.40082 
  8.126984127  373.46365 
  8.132789116  371.76193 
  8.138594104  367.41742 
  8.144399093  363.94543 
  8.150204082  367.35895 
  8.156009070  376.12198 
  8.161814059  388.4887 
  8.167619048  401.59247 
  8.173424036  415.93036 
  8.179229025  426.97287 
  8.185034014  436.2458 
  8.190839002  442.37927 
  8.196643991  452.2809 
  8.202448980  461.52393 
  8.208253968  469.22 
  8.214058957  473.2228 
  8.219863946  472.58414 
  8.225668934  473.9454 
  8.231473923  472.8569 
  8.237278912  469.2428 
  8.243083900  474.1394 
  8.248888889  472.14066 
  8.254693878  471.43365 
  8.260498866  471.6748 
  8.266303855  465.48987 
  8.272108844  465.03705 
  8.277913832  466.16678 
  8.283718821  466.40366 
  8.289523810  465.58884 
  8.295328798  464.3981 
  8.301133787  462.68097 
  8.306938776  460.9329 
  8.312743764  459.5912 
  8.318548753  457.34235 
  8.324353741  454.38367 
  8.330158730  451.1855 
  8.335963719  448.36453 
  8.341768707  445.7892 
  8.347573696  443.75766 
  8.353378685  441.039 
  8.359183673  436.9057 
  8.364988662  431.3884 
  8.370793651  423.13562 
  8.376598639  414.00607 
  8.382403628  402.7192 
  8.388208617  396.92615 
  8.394013605  390.8461 
  8.399818594  384.2025 
  8.405623583  376.4634 
  8.411428571  374.59717 
  8.417233560  375.3126 
  8.423038549  377.5473 
  8.428843537  380.04272 
  8.434648526  382.0616 
  8.440453515  383.61795 
  8.446258503  383.67072 
  8.452063492  383.6002 
  8.457868481  377.8159 
  8.463673469  369.8913 
  8.469478458  367.4866 
  8.475283447  364.95828 
  8.481088435  359.8748 
  8.486893424  355.36124 
  8.492698413  353.8286 
  8.498503401  353.37396 
  8.504308390  352.46597 
  8.510113379  351.6745 
  8.515918367  350.8569 
  8.521723356  349.56378 
  8.527528345  350.12183 
  8.533333333  351.46106 
  8.539138322  353.8021 
  8.544943311  353.97116 
  8.550748299  354.57468 
  8.556553288  354.7426 
  8.562358277  354.10724 
  8.568163265  356.0745 
  8.573968254  357.4341 
  8.579773243  357.93378 
  8.585578231  359.00278 
  8.591383220  359.5433 
  8.597188209  360.24036 
  8.602993197  362.18262 
  8.608798186  363.21716 
  8.614603175  365.92145 
  8.620408163  366.7725 
  8.626213152  367.02533 
  8.632018141  367.69766 
  8.637823129  366.4068 
  8.643628118  365.40134 
  8.649433107  363.39304 
  8.655238095  361.06464 
  8.661043084  359.11426 
  8.666848073  357.1335 
  8.672653061  355.55466 
  8.678458050  355.12012 
  8.684263039  355.59692 
  8.690068027  357.46045 
  8.695873016  359.6411 
  8.701678005  360.85385 
  8.707482993  361.63803 
  8.713287982  360.95325 
  8.719092971  358.41275 
  8.724897959  355.7745 
  8.730702948  353.2265 
  8.736507937  348.0315 
  8.817777778  374.7241 
  8.823582766  369.09113 
  8.829387755  371.51425 
  8.835192744  372.25485 
  8.840997732  372.95447 
  8.846802721  371.54108 
  8.852607710  368.18484 
  8.858412698  365.96933 
  8.864217687  363.92484 
  8.870022676  364.57516 
  8.875827664  366.6454 
  8.881632653  368.48798 
  8.887437642  371.7553 
  8.893242630  375.355 
  8.899047619  379.56436 
  8.904852608  384.22888 
  8.910657596  387.98352 
  8.916462585  392.0793 
  8.922267574  396.35895 
  8.928072562  400.91354 
  8.933877551  405.63388 
  8.939682540  407.68802 
  8.945487528  410.1356 
  8.951292517  413.30917 
  8.957097506  416.27783 
  8.962902494  420.95908 
  8.968707483  420.54184 
  8.974512472  418.52646 
  8.980317460  415.79428 
  8.986122449  409.4739 
  8.991927438  412.7836 
  8.997732426  413.925 
  9.003537415  414.7406 
  9.009342404  416.9361 
  9.015147392  416.87958 
  9.020952381  416.18442 
  9.026757370  414.1802 
  9.032562358  411.25778 
  9.038367347  408.72165 
  9.044172336  407.3652 
  9.049977324  407.3955 
  9.055782313  408.56238 
  9.061587302  409.847 
  9.067392290  411.12747 
  9.073197279  411.8739 
  9.079002268  412.69687 
  9.084807256  413.9883 
  9.090612245  414.60083 
  9.096417234  415.66232 
  9.102222222  416.1404 
  9.108027211  415.82895 
  9.113832200  416.70166 
  9.119637188  417.71716 
  9.125442177  418.34216 
  9.131247166  419.34378 
  9.137052154  418.89966 
  9.142857143  417.8157 
  9.148662132  417.3079 
  9.154467120  416.77515 
  9.160272109  416.11926 
  9.166077098  414.98187 
  9.171882086  414.05798 
  9.177687075  412.76202 
  9.183492063  411.5474 
  9.189297052  411.68515 
  9.195102041  410.90637 
  9.200907029  410.39886 
  9.206712018  409.35712 
  9.212517007  407.71 
  9.218321995  406.91992 
  9.224126984  406.12643 
  9.229931973  406.45154 
  9.235736961  408.90735 
  9.241541950  409.41083 
  9.247346939  410.31274 
  9.253151927  410.53577 
  9.258956916  409.96964 
  9.264761905  410.90082 
  9.270566893  411.7162 
  9.276371882  412.02814 
  9.282176871  412.44177 
  9.287981859  410.3884 
  9.293786848  409.4157 
  9.299591837  406.7574 
  9.305396825  405.79895 
  9.311201814  406.76932 
  9.317006803  406.59296 
  9.322811791  409.93503 
  9.328616780  409.58142 
  9.334421769  407.81628 
  9.340226757  407.46622 
  9.346031746  405.1974 
  9.351836735  404.7021 
  9.357641723  405.62372 
  9.363446712  405.14636 
  9.369251701  405.29587 
  9.375056689  404.32065 
  9.380861678  403.17657 
  9.386666667  402.4313 
  9.392471655  400.04166 
  9.398276644  395.1558 
  9.404081633  389.15222 
  9.409886621  381.52988 
  9.415691610  376.9021 
  9.421496599  373.66028 
  9.427301587  371.39322 
  9.433106576  369.89264 
  9.438911565  364.22723 
  9.537596372  393.59714 
  9.543401361  399.8333 
  9.549206349  403.68652 
  9.555011338  392.09845 
  9.560816327  377.37347 
  9.566621315  367.28503 
  9.572426304  363.91995 
  9.578231293  363.07544 
  9.584036281  363.59802 
  9.589841270  365.84708 
  9.595646259  369.10028 
  9.601451247  371.13876 
  9.607256236  373.53638 
  9.613061224  377.0154 
  9.618866213  380.3926 
  9.624671202  383.34952 
  9.630476190  384.88174 
  9.636281179  386.24167 
  9.642086168  386.83505 
  9.647891156  387.32043 
  9.653696145  388.12842 
  9.659501134  388.8851 
  9.665306122  389.97742 
  9.671111111  391.26602 
  9.676916100  391.99423 
  9.682721088  392.12637 
  9.688526077  391.50232 
  9.694331066  390.61203 
  9.700136054  389.6206 
  9.705941043  388.26505 
  9.711746032  386.98346 
  9.717551020  385.77267 
  9.723356009  384.879 
  9.729160998  384.34274 
  9.734965986  383.97342 
  9.740770975  383.07962 
  9.746575964  381.36215 
  9.752380952  379.1616 
  9.758185941  375.8622 
  9.763990930  372.80438 
  9.769795918  368.99435 
  9.775600907  363.96002 
  9.781405896  358.4566 
  9.787210884  352.75174 
  9.793015873  346.76584 
  9.798820862  340.14163 
  9.804625850  333.75858 
  9.810430839  328.30887 
  9.816235828  323.55988 
  9.822040816  316.87622 
  9.827845805  305.74036 
  9.926530612  296.5551 
  9.932335601  297.4705 
  9.938140590  297.37836 
  9.943945578  293.88345 
  9.949750567  292.00854 
  9.955555556  286.86432 
  9.961360544  285.6161 
  9.967165533  284.6543 
  9.972970522  284.08826 
  9.978775510  285.65787 
  9.984580499  286.87576 
  9.990385488  288.0665 
  9.996190476  288.91055 
  10.001995465  289.62625 
  10.007800454  289.65646 
  10.013605442  290.0784 
  10.019410431  290.58478 
  10.025215420  291.0585 
  10.031020408  292.31012 
  10.036825397  293.14267 
  10.042630385  292.4039 
  10.048435374  291.9748 
  10.054240363  291.14514 
  10.060045351  289.5173 
  10.065850340  288.93704 
  10.071655329  288.7957 
  10.077460317  288.74683 
  10.083265306  288.6864 
  10.089070295  288.87122 
  10.094875283  289.8696 
  10.100680272  290.5739 
  10.106485261  290.14594 
  10.112290249  288.75583 
  10.118095238  286.5789 
  10.123900227  284.53284 
  10.129705215  283.70468 
  10.135510204  282.22842 
  10.141315193  282.7295 
  10.147120181  282.78314 
  10.152925170  279.7853 
  10.240000000  346.67963 
  10.245804989  347.8374 
  10.251609977  355.00937 
  10.257414966  355.25516 
  10.263219955  354.22388 
  10.269024943  355.33926 
  10.274829932  357.3572 
  10.280634921  360.24985 
  10.286439909  365.0614 
  10.292244898  371.49457 
  10.298049887  375.893 
  10.303854875  378.47125 
  10.309659864  380.3444 
  10.315464853  381.49268 
  10.321269841  383.60767 
  10.327074830  385.08597 
  10.332879819  386.5324 
  10.338684807  387.86224 
  10.344489796  388.97357 
  10.350294785  390.01947 
  10.356099773  391.1976 
  10.361904762  391.60663 
  10.367709751  392.0946 
  10.373514739  392.34067 
  10.379319728  392.30014 
  10.385124717  391.78604 
  10.390929705  390.70526 
  10.396734694  390.0257 
  10.402539683  389.12555 
  10.408344671  387.40768 
  10.414149660  386.6526 
  10.419954649  385.0252 
  10.425759637  383.4505 
  10.431564626  382.33966 
  10.437369615  380.4338 
  10.443174603  378.12766 
  10.448979592  375.4534 
  10.454784580  372.2596 
  10.460589569  368.10535 
  10.466394558  363.9535 
  10.472199546  359.30484 
  10.478004535  354.79474 
  10.483809524  347.95584 
  10.489614512  338.2047 
  10.495419501  328.3244 
  10.501224490  318.54117 
  10.507029478  309.88004 
  10.512834467  303.58054 
  10.518639456  301.1154 
  10.524444444  301.07086 
  10.530249433  301.1055 
  10.536054422  300.98215 
  10.541859410  299.01056 
  10.588299320  292.12485 
  10.594104308  297.6127 
  10.599909297  303.6827 
  10.605714286  306.08795 
  10.611519274  306.85162 
  10.617324263  307.6423 
  10.623129252  308.0053 
  10.628934240  308.6096 
  10.634739229  308.7797 
  10.640544218  309.01215 
  10.646349206  308.86768 
  10.652154195  308.15317 
  10.657959184  306.92242 
  10.663764172  305.0362 
  10.669569161  303.31244 
  10.675374150  301.07974 
  10.681179138  299.32327 
  10.686984127  297.67807 
  10.692789116  295.79074 
  10.698594104  294.35858 
  10.704399093  292.44308 
  10.710204082  289.89426 
  10.716009070  288.4081 
  10.721814059  287.1128 
  10.727619048  286.92627 
  10.733424036  287.71445 
  10.739229025  287.4499 
  10.745034014  286.85986 
  10.750839002  285.5018 
  10.756643991  283.922 
  10.762448980  282.89917 
  10.768253968  282.7224 
  10.774058957  284.49622 
  10.779863946  285.35797 
  10.785668934  285.10336 
  10.791473923  285.07196 
  10.797278912  284.03876 
  10.803083900  282.2 
  10.808888889  283.8291 
  10.814693878  280.92123 
  10.820498866  267.46655 
  10.971428571  263.24585 
  10.977233560  251.18103 
  10.983038549  250.93832 
  10.988843537  253.00745 
  10.994648526  255.99007 
  11.000453515  257.73596 
  11.006258503  258.4388 
  11.012063492  259.4716 
  11.017868481  261.42056 
  11.023673469  263.5698 
  11.029478458  266.38855 
  11.035283447  266.14215 
  11.041088435  263.94373 
  11.046893424  260.58218 
  11.052698413  259.50955 
  11.058503401  261.92657 
  11.064308390  263.7883 
  11.070113379  264.32642 
  11.075918367  265.4217 
  11.081723356  264.38446 
  11.087528345  265.03116 
  11.093333333  266.60913 
  11.099138322  266.20752 
  11.104943311  267.20926 
  11.110748299  267.78262 
  11.116553288  267.19513 
  11.122358277  267.64178 
  11.128163265  268.8015 
  11.133968254  269.39862 
  11.139773243  273.26996 
  11.145578231  276.38013 
  11.151383220  278.5293 
  11.157188209  279.63406 
  11.162993197  279.9283 
  11.168798186  281.08762 
  11.174603175  281.51218 
  11.180408163  282.3261 
  11.186213152  283.77237 
  11.192018141  285.9221 
  11.197823129  288.4877 
  11.203628118  291.71982 
  11.209433107  295.0838 
  11.215238095  297.2362 
  11.221043084  297.90387 
  11.226848073  297.22147 
  11.232653061  296.08704 
  11.238458050  294.92764 
  11.244263039  293.95728 
  11.250068027  292.7853 
  11.255873016  291.06006 
  11.261678005  291.22522 
  11.267482993  292.22394 
  11.273287982  293.61722 
  11.279092971  295.7168 
  11.284897959  296.4805 
  11.290702948  296.92773 
  11.296507937  297.32764 
  11.302312925  298.00433 
  11.308117914  298.94653 
  11.313922902  299.88083 
  11.319727891  300.72556 
  11.325532880  300.4319 
  11.331337868  300.40112 
  11.337142857  300.17807 
  11.342947846  300.06702 
  11.348752834  301.58218 
  11.354557823  302.38132 
  11.360362812  302.71317 
  11.366167800  301.9662 
  11.371972789  301.39612 
  11.377777778  300.17178 
  11.383582766  299.45187 
  11.389387755  299.32013 
  11.395192744  298.27148 
  11.400997732  297.60284 
  11.406802721  296.88815 
  11.412607710  295.3597 
  11.418412698  294.49832 
  11.424217687  293.93555 
  11.430022676  293.03946 
  11.435827664  293.86887 
  11.441632653  293.67404 
  11.447437642  293.72183 
  11.453242630  293.45828 
  11.459047619  292.41296 
  11.464852608  292.59692 
  11.470657596  293.96307 
  11.476462585  295.33768 
  11.482267574  296.081 
  11.488072562  295.9321 
  11.493877551  295.76877 
  11.499682540  295.91428 
  11.505487528  296.48468 
  11.511292517  297.58487 
  11.517097506  297.60052 
  11.522902494  297.73578 
  11.528707483  297.3391 
  11.534512472  296.54446 
  11.540317460  297.31534 
  11.546122449  297.6243 
  11.551927438  298.17496 
  11.557732426  298.37885 
  11.563537415  297.46158 
  11.569342404  296.5998 
  11.575147392  295.23856 
  11.580952381  294.4399 
  11.586757370  293.90405 
  11.592562358  293.74518 
  11.598367347  293.78476 
  11.604172336  293.99655 
  11.609977324  294.21918 
  11.615782313  294.87512 
  11.621587302  295.74542 
  11.627392290  296.26672 
  11.633197279  296.5216 
  11.639002268  296.54904 
  11.644807256  296.24503 
  11.650612245  296.4559 
  11.656417234  297.46213 
  11.662222222  298.34366 
  11.668027211  299.65512 
  11.673832200  300.32913 
  11.679637188  300.56406 
  11.685442177  300.29434 
  11.691247166  300.064 
  11.697052154  300.03354 
  11.702857143  300.04047 
  11.708662132  299.88467 
  11.714467120  299.2575 
  11.720272109  297.85968 
  11.726077098  296.90213 
  11.731882086  296.1773 
  11.737687075  295.85355 
  11.743492063  295.70694 
  11.749297052  294.8861 
  11.755102041  294.37537 
  11.760907029  294.08115 
  11.766712018  293.82556 
  11.772517007  293.9923 
  11.778321995  293.55716 
  11.784126984  293.14996 
  11.789931973  292.7088 
  11.795736961  292.16708 
  11.801541950  291.8353 
  11.807346939  291.83347 
  11.813151927  291.3624 
  11.818956916  292.38165 
  11.824761905  293.41873 
  11.830566893  294.35745 
  11.836371882  295.27832 
  11.842176871  295.42273 
  11.847981859  295.78207 
  11.853786848  296.32025 
  11.859591837  296.47757 
  11.865396825  296.5629 
  11.871201814  296.3097 
  11.877006803  295.59747 
  11.882811791  295.54507 
  11.888616780  295.41415 
  11.894421769  295.7945 
  11.900226757  296.49283 
  11.906031746  296.69046 
  11.911836735  296.8659 
  11.917641723  297.22156 
  11.923446712  296.90778 
  11.929251701  297.04068 
  11.935056689  297.28732 
  11.940861678  296.45917 
  11.946666667  296.22797 
  11.952471655  296.2444 
  11.958276644  295.2313 
  11.964081633  294.60605 
  11.969886621  293.61285 
  11.975691610  292.1087 
  11.981496599  291.72864 
  11.987301587  291.10788 
  11.993106576  290.7841 
  11.998911565  290.3322 
  12.004716553  289.80386 
  12.010521542  289.14868 
  12.016326531  288.09113 
  12.022131519  287.5204 
  12.027936508  287.52777 
  12.033741497  284.66095 
  12.039546485  283.42776 
  12.045351474  279.79117 
  12.051156463  276.30673 
  12.056961451  274.04803 
  12.062766440  271.4729 
  12.068571429  270.7378 
  12.074376417  269.5329 
  12.080181406  269.5727 
  12.085986395  269.34576 
  12.091791383  269.4905 
  12.097596372  270.1324 
  12.103401361  270.79108 
  12.109206349  271.2964 
  12.115011338  271.62476 
  12.120816327  271.80853 
  12.126621315  272.07208 
  12.132426304  272.14792 
  12.138231293  272.12482 
  12.144036281  272.4382 
  12.149841270  271.87515 
  12.155646259  271.6538 
  12.161451247  271.10934 
  12.167256236  270.7133 
  12.173061224  272.02872 
  12.178866213  273.2669 
  12.184671202  273.87604 
  12.190476190  273.8834 
  12.196281179  273.2768 
  12.202086168  272.3772 
  12.207891156  270.56702 
  12.213696145  267.73203 
  12.219501134  267.01135 
  12.225306122  267.25043 
  12.231111111  268.8611 
  12.236916100  270.2938 
  12.242721088  271.50003 
  12.248526077  273.0354 
  12.254331066  273.1806 
  12.260136054  270.87946 
  12.382040816  311.81613 
  12.387845805  308.31418 
  12.393650794  308.8895 
  12.399455782  308.68604 
  12.405260771  306.62646 
  12.411065760  304.43008 
  12.416870748  300.85098 
  12.422675737  296.49832 
  12.428480726  292.75 
  12.434285714  291.17038 
  12.440090703  290.36554 
  12.445895692  290.2818 
  12.451700680  289.8046 
  12.457505669  290.1279 
  12.463310658  290.94537 
  12.469115646  292.0405 
  12.474920635  293.5631 
  12.480725624  294.0973 
  12.486530612  293.69922 
  12.492335601  293.2327 
  12.498140590  292.38425 
  12.503945578  291.95688 
  12.509750567  291.61926 
  12.515555556  291.31866 
  12.521360544  291.118 
  12.527165533  290.3246 
  12.532970522  289.91034 
  12.538775510  289.26346 
  12.544580499  288.5493 
  12.550385488  288.5009 
  12.556190476  288.71066 
  12.561995465  289.4196 
  12.567800454  290.28656 
  12.573605442  290.7913 
  12.579410431  291.23047 
  12.585215420  291.88364 
  12.591020408  292.93466 
  12.596825397  294.60754 
  12.602630385  296.18616 
  12.608435374  297.62027 
  12.614240363  298.44574 
  12.620045351  298.53778 
  12.625850340  298.43106 
  12.631655329  297.4426 
  12.637460317  296.52368 
  12.643265306  295.87036 
  12.649070295  295.06168 
  12.654875283  294.7651 
  12.660680272  295.18192 
  12.666485261  295.83035 
  12.672290249  296.05554 
  12.678095238  295.80615 
  12.683900227  295.1433 
  12.689705215  293.7463 
  12.695510204  292.64865 
  12.701315193  291.74652 
  12.707120181  291.21173 
  12.712925170  292.0853 
  12.718730159  293.30075 
  12.724535147  294.25076 
  12.730340136  293.7997 
  12.736145125  293.7005 
  12.741950113  292.92746 
  12.747755102  292.45032 
  12.753560091  292.68625 
  12.759365079  293.6924 
  12.765170068  294.68655 
  12.770975057  293.84183 
  12.776780045  292.82834 
  12.782585034  291.42328 
  12.788390023  290.194 
  12.794195011  289.0226 
  12.800000000  287.5388 
  12.805804989  285.76605 
  12.811609977  285.0556 
  12.817414966  284.6698 
  12.823219955  283.7667 
  12.829024943  283.67645 
  12.834829932  283.54913 
  12.840634921  283.66492 
  12.846439909  285.79596 
  12.852244898  287.9616 
  12.858049887  288.99936 
  12.863854875  289.06744 
  12.869659864  289.81613 
  12.875464853  292.7581 
  12.881269841  300.09128 
  12.887074830  304.98306 
  12.892879819  311.9411 
  12.898684807  320.29092 
  12.904489796  325.26523 
  12.910294785  332.89673 
  12.916099773  337.36636 
  12.921904762  338.57928 
  12.927709751  337.91638 
  12.933514739  335.4204 
  12.939319728  331.97534 
  12.945124717  328.477 
  12.950929705  324.294 
  12.962539683  298.18622 
  12.968344671  295.55774 
  12.974149660  293.6409 
  12.979954649  290.3088 
  12.985759637  286.0798 
  12.991564626  282.565 
  12.997369615  280.563 
  13.003174603  281.00696 
  13.008979592  284.51306 
  13.014784580  289.81732 
  13.020589569  292.2434 
  13.026394558  294.2586 
  13.032199546  296.41553 
  13.038004535  296.04095 
  13.043809524  295.1242 
  13.049614512  293.23608 
  13.055419501  292.3308 
  13.061224490  291.92413 
  13.067029478  290.9986 
  13.072834467  292.438 
  13.705578231  343.0779 
  13.711383220  345.83707 
  13.717188209  350.27795 
  13.722993197  356.17203 
  13.728798186  364.23898 
  13.734603175  378.40488 
  13.740408163  395.22763 
  13.746213152  400.8491 
  13.752018141  398.8954 
  13.757823129  397.3406 
  13.763628118  396.45386 
  13.769433107  396.7473 
  13.775238095  398.21277 
  13.781043084  400.52887 
  13.786848073  401.82916 
  13.792653061  402.49435 
  13.798458050  401.50977 
  13.804263039  399.53488 
  13.810068027  397.482 
  13.815873016  395.9001 
  13.821678005  395.36865 
  13.827482993  396.19354 
  13.833287982  396.67416 
  13.839092971  396.42493 
  13.844897959  395.92703 
  13.850702948  394.74255 
  13.856507937  394.18423 
  13.862312925  393.57553 
  13.868117914  392.40283 
  13.873922902  392.105 
  13.879727891  391.6931 
  13.885532880  391.61844 
  13.891337868  391.7527 
  13.897142857  391.4562 
  13.902947846  391.36945 
  13.908752834  391.66095 
  13.914557823  392.0224 
  13.920362812  392.70752 
  13.926167800  393.67984 
  13.931972789  393.85956 
  13.937777778  395.0686 
  13.943582766  395.8998 
  13.949387755  395.1848 
  13.955192744  393.28757 
  13.960997732  390.22983 
  13.966802721  386.77277 
  13.972607710  383.5583 
  13.978412698  379.4029 
  13.984217687  377.31967 
  13.990022676  374.30927 
  13.995827664  372.3418 
  14.001632653  370.92105 
  14.007437642  369.0802 
  14.013242630  367.81134 
  14.019047619  367.2149 
  14.024852608  366.0085 
  14.030657596  365.73596 
  14.036462585  365.57657 
  14.042267574  365.3929 
  14.048072562  366.2215 
  14.053877551  366.53625 
  14.059682540  366.6392 
  14.065487528  366.65744 
  14.071292517  366.39737 
  14.077097506  366.72385 
  14.082902494  366.6435 
  14.088707483  365.89417 
  14.094512472  364.60562 
  14.100317460  362.45258 
  14.106122449  360.2565 
  14.111927438  358.3928 
  14.117732426  356.55646 
  14.123537415  353.91385 
  14.129342404  350.7469 
  14.135147392  347.71716 
  14.140952381  343.6079 
  14.146757370  338.4495 
  14.152562358  333.09894 
  14.158367347  328.1852 
  14.164172336  322.84103 
  14.169977324  316.20514 
  14.175782313  309.34354 
  14.181587302  303.78195 
  14.187392290  297.84705 
  14.193197279  293.8113 
  14.199002268  292.30762 
  14.204807256  290.92825 
  14.210612245  289.21786 
  14.216417234  288.0609 
  14.222222222  287.2105 
  14.228027211  286.93234 
  14.233832200  287.5945 
  14.239637188  288.1788 
  14.245442177  288.34033 
  14.251247166  289.25024 
  14.257052154  291.5322 
  14.262857143  293.2307 
  14.268662132  295.10205 
  14.274467120  295.41754 
  14.280272109  294.88834 
  14.286077098  293.90146 
  14.291882086  292.3817 
  14.297687075  290.49042 
  14.303492063  289.05725 
  14.309297052  288.85056 
  14.315102041  288.89798 
  14.320907029  288.8485 
  14.326712018  288.66315 
  14.332517007  288.93982 
  14.338321995  290.12595 
  14.344126984  290.26483 
  14.349931973  290.1405 
  14.355736961  289.36652 
  14.361541950  287.8693 
  14.367346939  287.551 
  14.373151927  287.63577 
  14.378956916  287.78815 
  14.384761905  287.7963 
  14.390566893  287.1276 
  14.396371882  285.91537 
  14.402176871  285.06616 
  14.407981859  284.27734 
  14.413786848  283.9554 
  14.419591837  284.3761 
  14.425396825  284.45584 
  14.431201814  286.16818 
  14.437006803  289.69617 
  14.442811791  287.53766 
  14.448616780  290.14774 
  14.454421769  289.4529 
  14.460226757  290.67764 
  14.512471655  321.68765 
  14.518276644  323.22644 
  14.524081633  322.7324 
  14.529886621  321.98935 
  14.535691610  322.54297 
  14.541496599  323.5411 
  14.547301587  326.34805 
  14.553106576  330.25516 
  14.558911565  333.60583 
  14.564716553  336.7988 
  14.570521542  339.08655 
  14.576326531  342.02887 
  14.582131519  345.01868 
  14.587936508  348.74957 
  14.593741497  351.3356 
  14.599546485  354.74387 
  14.605351474  357.8302 
  14.611156463  360.29904 
  14.616961451  363.1566 
  14.622766440  364.96683 
  14.628571429  366.99496 
  14.634376417  368.42194 
  14.640181406  371.92444 
  14.645986395  375.30508 
  14.651791383  378.09317 
  14.657596372  378.85648 
  14.663401361  378.21518 
  14.669206349  377.27173 
  14.675011338  374.58234 
  14.680816327  372.40588 
  14.686621315  370.17334 
  14.692426304  367.77036 
  14.698231293  366.86124 
  14.704036281  367.0325 
  14.709841270  367.8425 
  14.715646259  368.71747 
  14.721451247  368.4602 
  14.727256236  366.16132 
  14.733061224  365.28806 
  14.738866213  364.2417 
  14.744671202  359.65244 
  14.854965986  371.36072 
  14.860770975  374.8604 
  14.866575964  373.06274 
  14.872380952  371.14337 
  14.878185941  368.27795 
  14.883990930  365.6094 
  14.889795918  365.8074 
  14.895600907  367.29718 
  14.901405896  369.76382 
  14.907210884  372.7506 
  14.913015873  375.91928 
  14.918820862  379.17694 
  14.924625850  384.2849 
  14.930430839  391.1624 
  14.936235828  398.03793 
  14.942040816  401.58167 
  14.947845805  403.52527 
  14.953650794  404.1 
  14.959455782  405.7805 
  14.965260771  406.43643 
  14.971065760  408.2277 
  14.976870748  408.6294 
  14.982675737  407.25104 
  14.988480726  406.11264 
  14.994285714  403.80533 
  15.000090703  401.8746 
  15.005895692  401.27133 
  15.011700680  399.18436 
  15.017505669  398.8781 
  15.023310658  397.75723 
  15.029115646  396.39935 
  15.034920635  395.59818 
  15.040725624  394.57007 
  15.046530612  394.37555 
  15.052335601  393.28357 
  15.058140590  392.18887 
  15.063945578  390.75122 
  15.069750567  389.21762 
  15.075555556  388.38284 
  15.081360544  388.35153 
  15.087165533  388.16846 
  15.092970522  388.10516 
  15.098775510  387.7787 
  15.104580499  387.05606 
  15.110385488  386.85745 
  15.116190476  386.6246 
  15.121995465  386.2531 
  15.127800454  386.22342 
  15.133605442  385.8086 
  15.139410431  385.29456 
  15.145215420  385.02203 
  15.151020408  384.92365 
  15.156825397  385.90826 
  15.162630385  386.78293 
  15.168435374  387.5446 
  15.174240363  388.0743 
  15.180045351  388.27893 
  15.185850340  389.23492 
  15.191655329  390.23788 
  15.197460317  391.48175 
  15.203265306  392.3266 
  15.209070295  392.23422 
  15.214875283  392.36618 
  15.220680272  391.9954 
  15.226485261  392.37302 
  15.232290249  393.23944 
  15.238095238  393.63956 
  15.243900227  393.97452 
  15.249705215  393.59085 
  15.255510204  393.0036 
  15.261315193  392.6625 
  15.267120181  392.2083 
  15.272925170  392.1078 
  15.278730159  391.92493 
  15.284535147  391.9891 
  15.290340136  392.736 
  15.296145125  393.5788 
  15.301950113  394.3796 
  15.307755102  394.87253 
  15.313560091  394.96478 
  15.319365079  395.0038 
  15.325170068  394.919 
  15.330975057  394.89587 
  15.336780045  394.62408 
  15.342585034  394.2877 
  15.348390023  393.8836 
  15.354195011  393.4203 
  15.360000000  392.85712 
  15.365804989  392.26044 
  15.371609977  391.3481 
  15.377414966  390.02277 
  15.383219955  389.12787 
  15.389024943  388.217 
  15.394829932  387.65387 
  15.400634921  387.5153 
  15.406439909  387.4038 
  15.412244898  387.5814 
  15.418049887  388.34772 
  15.423854875  389.04932 
  15.429659864  389.3433 
  15.435464853  389.51328 
  15.441269841  389.6242 
  15.447074830  389.52582 
  15.452879819  390.14215 
  15.458684807  390.5286 
  15.464489796  390.96545 
  15.470294785  391.59235 
  15.476099773  391.63718 
  15.481904762  391.6738 
  15.487709751  391.62515 
  15.493514739  392.17508 
  15.499319728  392.8681 
  15.505124717  393.21484 
  15.510929705  392.95346 
  15.516734694  392.05304 
  15.522539683  391.13467 
  15.528344671  390.28564 
  15.534149660  389.70413 
  15.539954649  388.55267 
  15.545759637  387.19662 
  15.551564626  385.8999 
  15.557369615  385.1302 
  15.563174603  385.66037 
  15.568979592  386.17535 
  15.574784580  386.53394 
  15.580589569  386.1839 
  15.586394558  385.85745 
  15.592199546  385.7982 
  15.598004535  386.24533 
  15.603809524  387.18176 
  15.609614512  387.09842 
  15.615419501  387.00064 
  15.621224490  386.86118 
  15.627029478  386.9797 
  15.632834467  387.85855 
  15.638639456  388.7228 
  15.644444444  389.36523 
  15.650249433  389.1289 
  15.656054422  388.57547 
  15.661859410  387.73312 
  15.667664399  386.87515 
  15.673469388  387.11017 
  15.679274376  387.36557 
  15.685079365  387.57565 
  15.690884354  387.59854 
  15.696689342  387.60413 
  15.702494331  388.67557 
  15.708299320  389.9633 
  15.714104308  390.84753 
  15.719909297  391.19012 
  15.725714286  391.04626 
  15.731519274  391.455 
  15.737324263  393.01898 
  15.743129252  394.75497 
  15.748934240  396.0609 
  15.754739229  396.71124 
  15.760544218  396.73303 
  15.766349206  396.54218 
  15.772154195  397.24637 
  15.777959184  398.1166 
  15.783764172  398.54825 
  15.789569161  398.6047 
  15.795374150  398.18878 
  15.801179138  397.6803 
  15.806984127  397.48007 
  15.812789116  397.512 
  15.818594104  397.4988 
  15.824399093  397.89532 
  15.830204082  398.48392 
  15.836009070  399.35352 
  15.841814059  399.8522 
  15.847619048  399.98492 
  15.853424036  399.5498 
  15.859229025  399.26794 
  15.865034014  399.75397 
  15.870839002  399.57208 
  15.876643991  401.0638 
  15.882448980  399.00787 
  15.888253968  388.58997 
  16.010158730  389.79858 
  16.015963719  380.434 
  16.021768707  375.53607 
  16.027573696  365.69208 
  16.033378685  356.1446 
  16.039183673  357.58994 
  16.044988662  361.56152 
  16.050793651  367.834 
  16.056598639  372.4945 
  16.062403628  375.4512 
  16.068208617  375.94925 
  16.074013605  375.76114 
  16.079818594  374.82306 
  16.085623583  374.85605 
  16.091428571  377.73212 
  16.097233560  381.3119 
  16.103038549  385.825 
  16.108843537  389.3787 
  16.114648526  391.97513 
  16.120453515  394.2735 
  16.126258503  395.747 
  16.132063492  395.8576 
  16.137868481  396.3515 
  16.143673469  396.3421 
  16.149478458  396.83032 
  16.155283447  398.0094 
  16.161088435  399.11758 
  16.166893424  400.36703 
  16.172698413  401.67065 
  16.178503401  402.75647 
  16.184308390  403.54758 
  16.190113379  403.96463 
  16.195918367  404.74597 
  16.201723356  404.67477 
  16.207528345  403.55103 
  16.213333333  401.47946 
  16.219138322  398.75552 
  16.224943311  396.48633 
  16.230748299  395.2831 
  16.236553288  394.19305 
  16.242358277  392.53558 
  16.248163265  390.4193 
  16.253968254  387.93176 
  16.259773243  385.50888 
  16.265578231  383.08 
  16.271383220  379.70874 
  16.277188209  376.9193 
  16.282993197  374.13348 
  16.288798186  370.75308 
  16.294603175  367.54642 
  16.300408163  365.66595 
  16.306213152  364.21182 
  16.312018141  364.451 
  16.317823129  363.90814 
  16.323628118  362.94424 
  16.329433107  361.09308 
  16.335238095  358.4372 
  16.341043084  354.53644 
  16.346848073  351.81512 
  16.352653061  350.28546 
  16.358458050  349.19974 
  16.364263039  345.52344 
  16.370068027  329.7145 
  16.381678005  293.59344 
  16.387482993  284.10486 
  16.393287982  278.77994 
  16.399092971  270.09674 
  16.404897959  267.75592 
  16.410702948  269.77557 
  16.416507937  282.52313 
  16.422312925  268.32614 
  16.428117914  265.96082 
  16.433922902  270.33353 
  16.439727891  275.14322 
  16.445532880  279.56384 
  16.451337868  283.20694 
  16.457142857  286.58862 
  16.462947846  290.27167 
  16.468752834  292.86353 
  16.474557823  294.7572 
  16.480362812  296.25687 
  16.486167800  298.16812 
  16.491972789  299.62616 
  16.497777778  301.73425 
  16.503582766  302.86765 
  16.509387755  303.38425 
  16.515192744  303.31525 
  16.520997732  302.89896 
  16.526802721  302.37347 
  16.532607710  299.53696 
  16.538412698  298.30682 
  16.544217687  295.79822 
  16.550022676  293.68274 
  16.555827664  292.8598 
  16.561632653  290.63538 
  16.567437642  288.89224 
  16.573242630  288.7188 
  16.579047619  287.5373 
  16.584852608  286.04907 
  16.590657596  283.70465 
  16.596462585  281.9195 
  16.602267574  279.97635 
  16.608072562  274.862 
  16.700952381  370.70853 
  16.706757370  369.3643 
  16.712562358  368.17343 
  16.718367347  367.62708 
  16.724172336  368.32648 
  16.729977324  369.70792 
  16.735782313  372.13052 
  16.741587302  375.55154 
  16.747392290  379.57208 
  16.753197279  383.4313 
  16.759002268  387.4758 
  16.764807256  390.78955 
  16.770612245  394.18185 
  16.776417234  396.5401 
  16.782222222  398.28674 
  16.788027211  399.03757 
  16.793832200  399.65637 
  16.799637188  400.7241 
  16.805442177  401.15842 
  16.811247166  401.7886 
  16.817052154  402.5817 
  16.822857143  403.12366 
  16.828662132  405.42938 
  16.834467120  407.2951 
  16.840272109  408.07938 
  16.846077098  406.9688 
  16.851882086  404.55148 
  16.857687075  401.54166 
  16.863492063  398.73114 
  16.869297052  396.33987 
  16.875102041  393.71805 
  16.880907029  392.029 
  16.886712018  390.53067 
  16.892517007  388.6919 
  16.898321995  388.2026 
  16.904126984  387.33145 
  16.909931973  385.04233 
  16.915736961  382.24515 
  16.921541950  377.63574 
  16.927346939  371.88702 
  16.933151927  363.24857 
  16.938956916  350.29315 
  16.944761905  340.46057 
  16.950566893  336.3691 
  16.956371882  329.04156 
  16.962176871  318.99228 
  17.060861678  312.21637 
  17.066666667  308.10736 
  17.072471655  306.43256 
  17.078276644  303.17 
  17.084081633  300.6369 
  17.089886621  297.5056 
  17.095691610  294.40002 
  17.101496599  292.21036 
  17.107301587  290.3208 
  17.113106576  288.87054 
  17.118911565  286.9848 
  17.124716553  285.91443 
  17.130521542  284.987 
  17.136326531  284.7324 
  17.142131519  285.27814 
  17.147936508  285.11942 
  17.153741497  284.98477 
  17.159546485  285.56985 
  17.165351474  284.97482 
  17.171156463  284.86926 
  17.176961451  284.74792 
  17.182766440  284.27142 
  17.188571429  284.18143 
  17.194376417  284.2941 
  17.200181406  284.75784 
  17.205986395  285.30426 
  17.211791383  285.81894 
  17.217596372  286.1911 
  17.223401361  286.42856 
  17.229206349  285.90805 
  17.235011338  285.3769 
  17.240816327  285.05588 
  17.246621315  285.04077 
  17.252426304  285.57748 
  17.258231293  286.27563 
  17.264036281  286.1934 
  17.269841270  284.90186 
  17.275646259  286.2896 
  17.281451247  286.59915 
  17.287256236  286.3534 
  17.293061224  286.88803 
  17.298866213  284.66397 
  17.304671202  277.8327 
  17.310476190  276.25784 
  17.316281179  276.69272 
  17.322086168  276.7208 
  17.327891156  274.70374 
  17.333696145  273.36053 
  17.339501134  271.45078 
  17.345306122  269.51132 
  17.351111111  267.597 
  17.356916100  265.56436 
  17.362721088  263.2092 
  17.368526077  261.60336 
  17.374331066  260.14853 
  17.380136054  258.6064 
  17.385941043  258.02448 
  17.391746032  256.53674 
  17.397551020  256.03445 
  17.403356009  255.67879 
  17.409160998  255.23315 
  17.414965986  255.47955 
  17.420770975  255.8182 
  17.426575964  256.83978 
  17.432380952  257.34305 
  17.438185941  258.0439 
  17.443990930  258.7684 
  17.449795918  259.4219 
  17.455600907  259.189 
  17.461405896  258.36337 
  17.467210884  257.4118 
  17.473015873  256.16394 
  17.478820862  255.6928 
  17.484625850  255.12132 
  17.490430839  255.16995 
  17.496235828  255.31104 
  17.502040816  255.68417 
  17.507845805  256.23456 
  17.513650794  256.64844 
  17.519455782  257.0992 
  17.525260771  257.1256 
  17.531065760  257.3101 
  17.536870748  257.6815 
  17.542675737  258.15378 
  17.548480726  258.48544 
  17.554285714  258.2969 
  17.560090703  257.99872 
  17.565895692  257.65964 
  17.571700680  257.669 
  17.577505669  257.8092 
  17.583310658  257.68408 
  17.589115646  257.59518 
  17.594920635  257.05237 
  17.600725624  256.6977 
  17.606530612  256.61224 
  17.612335601  256.1508 
  17.618140590  255.62816 
  17.623945578  255.46606 
  17.629750567  255.04355 
  17.635555556  255.37245 
  17.641360544  255.68864 
  17.647165533  255.52682 
  17.652970522  255.54944 
  17.658775510  255.50822 
  17.664580499  255.99135 
  17.670385488  256.6991 
  17.676190476  257.41315 
  17.681995465  257.3186 
  17.687800454  256.9151 
  17.693605442  256.41953 
  17.699410431  255.90927 
  17.705215420  255.69211 
  17.711020408  256.0047 
  17.716825397  256.19626 
  17.722630385  256.38147 
  17.728435374  256.19022 
  17.734240363  255.76067 
  17.740045351  255.81674 
  17.745850340  255.84737 
  17.751655329  256.53787 
  17.757460317  257.3934 
  17.763265306  257.65237 
  17.769070295  257.60114 
  17.774875283  256.9039 
  17.780680272  256.52277 
  17.786485261  256.42545 
  17.792290249  256.8086 
  17.798095238  257.80072 
  17.803900227  258.61533 
  17.809705215  258.61728 
  17.815510204  258.44006 
  17.821315193  257.99396 
  17.827120181  257.5482 
  17.832925170  257.6242 
  17.838730159  257.4163 
  17.844535147  257.0883 
  17.850340136  256.5457 
  17.856145125  255.89867 
  17.861950113  255.64442 
  17.867755102  255.51941 
  17.873560091  254.95988 
  17.879365079  254.3616 
  17.885170068  253.53331 
  17.890975057  252.70404 
  17.896780045  252.2612 
  17.902585034  252.12961 
  17.908390023  252.53174 
  17.914195011  253.59346 
  17.920000000  254.1043 
  17.925804989  255.17743 
  17.931609977  255.92278 
  17.937414966  256.3872 
  17.943219955  256.9924 
  17.949024943  257.54172 
  17.954829932  257.96408 
  17.960634921  258.37308 
  17.966439909  258.47913 
  17.972244898  258.56042 
  17.978049887  258.5977 
  17.983854875  258.69696 
  17.989659864  258.9557 
  17.995464853  259.12433 
  18.001269841  259.18463 
  18.007074830  259.19025 
  18.012879819  259.00882 
  18.018684807  258.8218 
  18.024489796  258.7489 
  18.030294785  258.68143 
  18.036099773  258.89618 
  18.041904762  258.79163 
  18.047709751  258.41537 
  18.053514739  257.98276 
  18.059319728  257.6232 
  18.065124717  257.67276 
  18.070929705  258.00415 
  18.076734694  258.3 
  18.082539683  258.45312 
  18.088344671  258.31097 
  18.094149660  258.4926 
  18.099954649  258.73154 
  18.105759637  258.63556 
  18.111564626  258.61774 
  18.117369615  258.43796 
  18.123174603  258.52524 
  18.128979592  258.87247 
  18.134784580  259.33258 
  18.140589569  259.59882 
  18.146394558  259.36755 
  18.152199546  259.0579 
  18.158004535  258.32773 
  18.163809524  257.59616 
  18.169614512  256.95377 
  18.175419501  256.6045 
  18.181224490  256.0982 
  18.187029478  255.85544 
  18.192834467  255.40515 
  18.198639456  255.09326 
  18.204444444  255.38292 
  18.210249433  255.73296 
  18.216054422  256.48547 
  18.221859410  256.98453 
  18.227664399  257.02698 
  18.233469388  256.80862 
  18.239274376  256.48212 
  18.245079365  256.56656 
  18.250884354  256.78003 
  18.256689342  257.61475 
  18.262494331  259.859 
  18.268299320  261.40344 
  18.274104308  265.11472 
  18.279909297  267.58774 
  18.285714286  270.6161 
  18.291519274  272.27603 
  18.297324263  273.643 
  18.303129252  274.28183 
  18.308934240  275.39816 
  18.314739229  276.84958 
  18.320544218  278.5868 
  18.326349206  280.9371 
  18.332154195  282.4817 
  18.337959184  283.59818 
  18.343764172  285.1774 
  18.349569161  287.07864 
  18.355374150  289.17728 
  18.361179138  291.02005 
  18.366984127  292.98834 
  18.372789116  294.79248 
  18.378594104  296.94977 
  18.384399093  298.61154 
  18.390204082  299.73407 
  18.396009070  299.25745 
  18.401814059  298.10632 
  18.407619048  297.30084 
  18.413424036  296.75464 
  18.419229025  297.70807 
  18.425034014  301.0835 
  18.430839002  304.33737 
  18.436643991  306.71814 
  18.442448980  307.48285 
  18.448253968  307.9644 
  18.454058957  308.11554 
  18.459863946  308.62344 
  18.465668934  309.89822 
  18.471473923  311.20435 
  18.477278912  312.6242 
  18.483083900  313.53104 
  18.488888889  313.97305 
  18.494693878  314.60916 
  18.500498866  315.51697 
  18.506303855  316.95087 
  18.512108844  318.6347 
  18.517913832  320.03256 
  18.523718821  320.89764 
  18.529523810  320.7683 
  18.535328798  320.3205 
  18.541133787  320.14792 
  18.546938776  320.14987 
  18.552743764  320.55344 
  18.558548753  320.1499 
  18.564353741  319.69925 
  18.570158730  319.4982 
  18.575963719  320.21286 
  18.581768707  321.26675 
  18.587573696  321.4805 
  18.593378685  321.4203 
  18.599183673  320.54883 
  18.604988662  320.0916 
  18.610793651  320.4104 
  18.616598639  320.9026 
  18.622403628  321.59924 
  18.628208617  321.89285 
  18.634013605  321.63287 
  18.639818594  320.78772 
  18.645623583  318.97324 
  18.651428571  316.76123 
  18.657233560  314.83786 
  18.663038549  310.568 
  18.668843537  304.8457 
  18.680453515  280.10727 
  18.686258503  275.21 
  18.692063492  270.09412 
  18.697868481  267.33414 
  18.703673469  268.4236 
  18.709478458  270.12643 
  18.715283447  270.15494 
  18.721088435  275.68353 
  18.726893424  285.2594 
  18.732698413  290.06842 
  18.738503401  290.92307 
  18.744308390  290.59024 
  18.750113379  290.30927 
  18.755918367  288.13626 
  18.761723356  288.2224 
  18.767528345  290.1768 
  18.773333333  292.8897 
  18.779138322  295.46625 
  18.784943311  298.7528 
  18.790748299  301.74002 
  18.796553288  304.1674 
  18.802358277  305.49777 
  18.808163265  306.332 
  18.813968254  306.87103 
  18.819773243  307.5072 
  18.825578231  307.86832 
  18.831383220  308.12775 
  18.837188209  307.82278 
  18.842993197  307.49164 
  18.848798186  307.1221 
  18.854603175  306.9128 
  18.860408163  306.6955 
  18.866213152  306.06143 
  18.872018141  305.22797 
  18.877823129  304.6096 
  18.883628118  303.88638 
  18.889433107  303.58606 
  18.895238095  303.5954 
  18.901043084  303.82535 
  18.906848073  304.57434 
  18.912653061  305.22272 
  18.918458050  305.36868 
  18.924263039  304.97983 
  18.930068027  304.10175 
  18.935873016  302.74347 
  18.941678005  302.01013 
  18.947482993  300.70303 
  18.953287982  299.51044 
  18.959092971  297.18118 
  18.964897959  294.9933 
  18.970702948  293.4102 
  18.976507937  292.4131 
  18.982312925  292.69293 
  18.988117914  293.99197 
  18.993922902  294.37772 
  18.999727891  292.92395 
  19.005532880  287.2118 
  19.011337868  278.39255 
  19.017142857  279.3642 
  19.022947846  284.11 
  19.028752834  293.91418 
  19.034557823  309.65158 
  19.040362812  326.3078 
  19.046167800  340.282 
  19.051972789  349.14172 
  19.057777778  354.193 
  19.063582766  358.4349 
  19.069387755  362.0593 
  19.075192744  365.98114 
  19.080997732  370.20312 
  19.086802721  375.16516 
  19.092607710  377.77585 
  19.098412698  377.87823 
  19.104217687  377.86255 
  19.110022676  377.75058 
  19.115827664  378.06122 
  19.121632653  378.9831 
  19.127437642  381.39798 
  19.133242630  385.39502 
  19.139047619  387.57068 
  19.144852608  388.6768 
  19.150657596  389.48978 
  19.156462585  389.29996 
  19.162267574  389.21988 
  19.168072562  389.00482 
  19.173877551  388.3377 
  19.179682540  388.73788 
  19.185487528  388.90823 
  19.191292517  388.64865 
  19.197097506  388.1859 
  19.202902494  387.7453 
  19.208707483  387.335 
  19.214512472  387.22202 
  19.220317460  387.368 
  19.226122449  387.6058 
  19.231927438  387.28015 
  19.237732426  387.24887 
  19.243537415  387.1221 
  19.249342404  387.86136 
  19.255147392  390.32 
  19.260952381  391.26492 
  19.266757370  391.15228 
  19.272562358  389.9992 
  19.278367347  386.69427 
  19.284172336  382.27826 
  19.289977324  374.19736 
  19.295782313  367.53534 
  19.301587302  362.48642 
  19.307392290  358.38672 
  19.313197279  351.48743 
  19.319002268  336.16864 
  19.400272109  333.89056 
  19.406077098  319.6919 
  19.411882086  313.15723 
  19.417687075  310.741 
  19.423492063  307.96158 
  19.429297052  305.05005 
  19.435102041  302.36285 
  19.440907029  299.0433 
  19.446712018  295.3346 
  19.452517007  291.26624 
  19.458321995  287.74445 
  19.464126984  288.05695 
  19.469931973  291.50998 
  19.475736961  293.08746 
  19.481541950  293.18768 
  19.487346939  293.34756 
  19.493151927  293.8659 
  19.498956916  294.68353 
  19.504761905  296.4536 
  19.510566893  297.6613 
  19.516371882  297.99518 
  19.522176871  298.58594 
  19.527981859  298.09454 
  19.533786848  297.55344 
  19.539591837  296.46133 
  19.545396825  294.7323 
  19.551201814  292.73328 
  19.557006803  290.1448 
  19.562811791  287.15146 
  19.568616780  284.68015 
  19.574421769  283.25485 
  19.580226757  281.95505 
  19.586031746  280.79904 
  19.591836735  279.16757 
  19.597641723  277.80307 
  19.603446712  275.93356 
  19.609251701  274.06485 
  19.615056689  271.71777 
  19.620861678  268.89532 
  19.626666667  266.27066 
  19.632471655  263.91275 
  19.638276644  261.7903 
  19.644081633  259.3377 
  19.649886621  257.33572 
  19.655691610  255.20818 
  19.661496599  253.31381 
  19.667301587  251.23164 
  19.673106576  250.43074 
  19.678911565  250.84644 
  19.684716553  252.86151 
  19.690521542  256.54117 
  19.696326531  258.25372 
  19.702131519  258.69846 
  19.707936508  259.07166 
  19.713741497  259.22775 
  19.719546485  257.9597 
  19.725351474  259.1518 
  19.731156463  262.28415 
  19.736961451  260.50925 
  19.742766440  259.7799 
  19.748571429  267.07394 
  19.754376417  280.529 
  19.760181406  283.82468 
  19.765986395  287.7716 
  19.771791383  290.56635 
  19.777596372  293.68982 
  19.783401361  295.9705 
  19.789206349  297.1544 
  19.795011338  300.12204 
  19.800816327  302.859 
  19.806621315  303.83197 
  19.812426304  304.12097 
  19.818231293  304.25455 
  19.824036281  304.56778 
  19.829841270  304.55774 
  19.835646259  304.89984 
  19.841451247  305.93375 
  19.847256236  306.25488 
  19.853061224  306.69852 
  19.858866213  305.93936 
  19.864671202  304.75323 
  19.870476190  304.10876 
  19.876281179  302.69836 
  19.882086168  301.1081 
  19.887891156  299.2561 
  19.893696145  298.08783 
  19.899501134  296.96936 
  19.905306122  296.64938 
  19.911111111  297.24982 
  19.916916100  298.57285 
  19.922721088  301.63254 
  19.928526077  304.3273 
  19.934331066  306.19098 
  19.940136054  306.79465 
  19.945941043  307.30853 
  19.951746032  307.2234 
  19.957551020  307.62347 
  19.963356009  309.93683 
  19.969160998  313.8094 
  19.974965986  316.16333 
  19.980770975  317.00217 
  19.986575964  317.7437 
  19.992380952  318.85278 
  19.998185941  319.6325 
  20.003990930  321.5264 
  20.009795918  320.72556 
  20.015600907  316.78738 
  20.021405896  310.8537 
  20.027210884  301.28702 
  20.178140590  274.11404 
  20.183945578  276.5092 
  20.189750567  289.40692 
  20.195555556  291.3267 
  20.201360544  291.7528 
  20.207165533  291.8664 
  20.212970522  291.42807 
  20.218775510  290.86157 
  20.224580499  288.90717 
  20.230385488  285.72946 
  20.236190476  283.0022 
  20.241995465  281.857 
  20.247800454  281.98462 
  20.253605442  283.05237 
  20.259410431  286.19528 
  20.265215420  289.53833 
  20.271020408  292.26752 
  20.276825397  295.4529 
  20.282630385  298.07455 
  20.288435374  299.61926 
  20.294240363  300.67365 
  20.300045351  301.60718 
  20.305850340  300.75284 
  20.311655329  300.87198 
  20.317460317  299.25208 
  20.323265306  298.25015 
  20.329070295  297.29868 
  20.334875283  295.37823 
  20.340680272  294.38937 
  20.346485261  291.93732 
  20.352290249  290.2438 
  20.358095238  288.92587 
  20.363900227  286.6553 
  20.369705215  284.43 
  20.375510204  282.53113 
  20.381315193  281.2558 
  20.387120181  281.46213 
  20.392925170  280.207 
  20.398730159  280.55515 
  20.404535147  280.03442 
  20.410340136  281.21478 
  20.416145125  284.02625 
  20.421950113  284.59793 
  20.427755102  284.91574 
  20.433560091  283.85815 
  20.439365079  284.19052 
  20.445170068  285.43304 
  20.450975057  286.47696 
  20.456780045  286.60626 
  20.462585034  286.13245 
  20.468390023  285.77112 
  20.474195011  284.9149 
  20.480000000  285.15582 
  20.485804989  285.18448 
  20.491609977  285.17136 
  20.497414966  285.92047 
  20.503219955  285.3747 
  20.509024943  285.64886 
  20.514829932  285.44574 
  20.520634921  285.11072 
  20.526439909  285.54126 
  20.532244898  284.93884 
  20.538049887