
  0.313469388  333.86874 
  0.319274376  333.16028 
  0.325079365  334.4614 
  0.330884354  335.7976 
  0.336689342  337.06198 
  0.342494331  338.68637 
  0.348299320  340.10806 
  0.354104308  341.71298 
  0.359909297  343.87747 
  0.365714286  346.44742 
  0.371519274  349.69748 
  0.377324263  352.4451 
  0.383129252  355.35638 
  0.388934240  358.3032 
  0.394739229  361.17163 
  0.400544218  365.15182 
  0.406349206  369.79242 
  0.412154195  373.77054 
  0.417959184  376.19232 
  0.423764172  377.47247 
  0.429569161  378.12308 
  0.435374150  377.71695 
  0.441179138  376.75482 
  0.446984127  375.24677 
  0.452789116  374.34512 
  0.458594104  372.54626 
  0.464399093  370.94104 
  0.470204082  369.48703 
  0.476009070  368.42117 
  0.481814059  367.45483 
  0.487619048  366.95142 
  0.493424036  365.21082 
  0.499229025  363.73187 
  0.505034014  362.6946 
  0.510839002  361.3807 
  0.516643991  360.16833 
  0.522448980  358.62286 
  0.528253968  356.7141 
  0.534058957  354.10822 
  0.539863946  350.70282 
  0.545668934  348.75842 
  0.551473923  345.86362 
  0.557278912  342.57913 
  0.563083900  334.47064 
  0.568888889  328.08167 
  0.574693878  321.614 
  0.580498866  317.63394 
  0.586303855  312.70154 
  0.592108844  307.43246 
  0.597913832  301.4835 
  0.603718821  295.42017 
  0.609523810  289.5627 
  0.615328798  286.76523 
  0.621133787  285.0851 
  0.626938776  284.35474 
  0.632743764  284.8751 
  0.638548753  286.87466 
  0.644353741  291.07233 
  0.650158730  294.29156 
  0.655963719  298.24805 
  0.661768707  304.4407 
  0.667573696  313.71817 
  0.673378685  315.67783 
  0.679183673  313.379 
  0.684988662  312.02618 
  0.690793651  309.9753 
  0.696598639  309.55856 
  0.702403628  311.94608 
  0.708208617  314.33746 
  0.714013605  317.30872 
  0.719818594  320.5058 
  0.725623583  323.6528 
  0.731428571  327.34988 
  0.737233560  330.4352 
  0.743038549  333.18372 
  0.748843537  335.79468 
  0.754648526  337.07968 
  0.760453515  338.37173 
  0.766258503  339.03598 
  0.772063492  338.91977 
  0.777868481  338.74628 
  0.783673469  338.35648 
  0.789478458  336.1101 
  0.795283447  327.74176 
  0.830113379  253.23201 
  0.835918367  250.90335 
  0.841723356  245.35165 
  0.847528345  249.99478 
  0.853333333  256.43048 
  0.859138322  258.385 
  0.864943311  258.42645 
  0.870748299  258.5519 
  0.876553288  258.1813 
  0.882358277  257.21674 
  0.888163265  255.25449 
  0.893968254  253.86308 
  0.899773243  251.40027 
  0.905578231  249.90694 
  0.911383220  248.1968 
  0.917188209  246.89093 
  0.922993197  244.45776 
  0.928798186  241.14566 
  0.946213152  220.07858 
  0.952018141  219.89494 
  0.957823129  218.6918 
  0.963628118  217.26462 
  0.969433107  214.67175 
  0.975238095  211.67119 
  0.981043084  208.74368 
  0.986848073  207.45796 
  0.992653061  205.85606 
  0.998458050  204.0796 
  1.004263039  200.71883 
  1.010068027  199.38118 
  1.015873016  201.97269 
  1.091337868  205.44797 
  1.097142857  209.3378 
  1.102947846  214.2343 
  1.108752834  225.67877 
  1.114557823  232.22588 
  1.120362812  233.99393 
  1.126167800  234.24684 
  1.131972789  233.6526 
  1.137777778  232.69785 
  1.143582766  230.7146 
  1.149387755  228.08597 
  1.155192744  225.20215 
  1.160997732  224.00327 
  1.166802721  223.34286 
  1.172607710  222.58731 
  1.178412698  222.13448 
  1.184217687  222.09186 
  1.190022676  222.70201 
  1.195827664  223.21999 
  1.201632653  223.96391 
  1.207437642  224.153 
  1.375782313  250.83669 
  1.381587302  262.20844 
  1.387392290  270.2679 
  1.393197279  279.33423 
  1.399002268  285.6242 
  1.404807256  290.32205 
  1.410612245  294.44724 
  1.416417234  298.8978 
  1.422222222  304.9954 
  1.428027211  308.1437 
  1.433832200  309.88818 
  1.439637188  310.46606 
  1.445442177  311.59225 
  1.451247166  313.56543 
  1.457052154  315.83218 
  1.462857143  318.87177 
  1.468662132  323.1222 
  1.474467120  327.72607 
  1.480272109  331.62296 
  1.486077098  335.35077 
  1.491882086  340.39285 
  1.497687075  345.73956 
  1.503492063  351.7608 
  1.509297052  359.54483 
  1.515102041  368.02185 
  1.520907029  376.69513 
  1.526712018  387.08127 
  1.532517007  393.7726 
  1.538321995  399.83765 
  1.544126984  406.3692 
  1.549931973  411.56787 
  1.555736961  413.9756 
  1.561541950  414.1223 
  1.567346939  410.81747 
  1.573151927  407.73575 
  1.578956916  404.3848 
  2.078185941  229.6222 
  2.083990930  226.74335 
  2.089795918  226.18962 
  2.095600907  227.46349 
  2.101405896  229.1796 
  2.107210884  231.0986 
  2.113015873  232.50536 
  2.118820862  234.92004 
  2.124625850  236.7903 
  2.130430839  245.73193 
  2.136235828  243.89635 
  2.142040816  236.01495 
  2.147845805  235.63914 
  2.153650794  234.87285 
  2.159455782  235.01694 
  2.165260771  235.27599 
  2.171065760  235.33142 
  2.176870748  236.30368 
  2.182675737  236.65031 
  2.188480726  236.86871 
  2.194285714  238.13037 
  2.200090703  238.057 
  2.205895692  238.89445 
  2.211700680  239.52284 
  2.217505669  238.73483 
  2.223310658  239.4409 
  2.229115646  238.71736 
  2.234920635  236.6974 
  2.240725624  234.0058 
  2.246530612  229.74487 
  2.252335601  225.4227 
  2.298775510  266.60934 
  2.304580499  270.36798 
  2.310385488  285.88293 
  2.316190476  291.63138 
  2.321995465  298.26147 
  2.327800454  304.4024 
  2.333605442  309.57602 
  2.339410431  314.66754 
  2.345215420  321.74423 
  2.351020408  342.43167 
  2.356825397  343.90833 
  2.362630385  344.91626 
  2.368435374  346.10223 
  2.374240363  348.70474 
  2.380045351  350.46735 
  2.385850340  350.9596 
  2.391655329  350.776 
  2.397460317  350.13535 
  2.403265306  349.4055 
  2.409070295  346.62067 
  2.414875283  341.9599 
  2.420680272  337.02832 
  2.426485261  333.48355 
  2.432290249  329.32593 
  2.438095238  324.8599 
  2.443900227  322.17612 
  2.449705215  320.58002 
  2.455510204  320.2278 
  2.461315193  320.3595 
  2.467120181  319.31827 
  2.472925170  318.92783 
  2.478730159  315.1239 
  2.484535147  302.25708 
  2.490340136  283.41516 
  2.496145125  284.36108 
  2.606439909  265.20676 
  2.612244898  263.45483 
  2.618049887  261.86096 
  2.623854875  262.4714 
  2.629659864  261.8468 
  2.635464853  260.92114 
  2.641269841  259.37347 
  2.647074830  256.35022 
  2.652879819  255.16255 
  2.658684807  253.11037 
  2.664489796  252.57271 
  2.670294785  250.33292 
  2.676099773  249.35216 
  2.681904762  248.16165 
  2.687709751  247.40082 
  2.693514739  246.28964 
  2.699319728  244.7237 
  2.705124717  242.3383 
  2.710929705  239.83209 
  2.716734694  238.8698 
  2.722539683  242.7788 
  2.728344671  246.45105 
  2.734149660  249.2467 
  2.739954649  249.86 
  2.745759637  250.61244 
  2.751564626  250.32642 
  2.757369615  249.66815 
  2.763174603  249.72955 
  2.768979592  249.22809 
  2.774784580  248.54352 
  2.780589569  247.81056 
  2.786394558  244.92175 
  2.792199546  237.33774 
  2.798004535  234.53671 
  2.803809524  239.62477 
  2.809614512  238.41907 
  2.815419501  236.16222 
  2.821224490  247.24428 
  2.827029478  255.61743 
  2.832834467  270.55927 
  2.838639456  276.03683 
  2.844444444  279.6998 
  2.850249433  281.80963 
  2.856054422  284.76862 
  2.861859410  287.59866 
  2.867664399  290.22522 
  2.873469388  292.15915 
  2.879274376  293.9415 
  2.885079365  295.67947 
  2.890884354  296.6061 
  2.896689342  297.79498 
  2.902494331  298.77863 
  2.908299320  296.88617 
  2.914104308  283.42355 
  2.919909297  275.15686 
  2.925714286  271.83032 
  2.931519274  269.09164 
  2.937324263  268.2115 
  2.943129252  276.68353 
  2.948934240  283.37076 
  2.954739229  288.3006 
  2.960544218  292.58072 
  2.966349206  293.76193 
  2.972154195  292.85828 
  2.977959184  291.0525 
  2.983764172  288.19067 
  2.989569161  285.16925 
  2.995374150  282.04465 
  3.001179138  279.3882 
  3.006984127  276.93167 
  3.012789116  271.94455 
  3.018594104  260.5524 
  3.024399093  245.62984 
  3.030204082  246.46947 
  3.036009070  246.35437 
  3.065034014  244.96082 
  3.070839002  246.39632 
  3.076643991  244.67978 
  3.082448980  243.06581 
  3.088253968  241.56833 
  3.094058957  235.94469 
  3.099863946  232.36378 
  3.105668934  228.81654 
  3.111473923  225.89972 
  3.117278912  221.46379 
  3.123083900  218.34503 
  3.128888889  216.19449 
  3.134693878  213.48325 
  3.140498866  213.60541 
  3.146303855  213.63603 
  3.152108844  213.2397 
  3.157913832  213.20638 
  3.163718821  212.46143 
  3.169523810  211.95647 
  3.175328798  211.09729 
  3.181133787  209.8962 
  3.186938776  208.22252 
  3.192743764  205.61072 
  3.198548753  202.64828 
  3.204353741  201.80074 
  3.210158730  200.43927 
  3.215963719  199.41214 
  3.221768707  198.07607 
  3.227573696  195.39449 
  3.233378685  192.25203 
  3.239183673  188.5969 
  3.244988662  187.282 
  3.250793651  187.79584 
  3.256598639  189.31758 
  3.262403628  189.83302 
  3.268208617  189.33594 
  3.274013605  188.02905 
  3.279818594  185.99266 
  3.285623583  183.7055 
  3.291428571  181.29913 
  3.297233560  179.55151 
  3.303038549  178.95375 
  3.308843537  178.4222 
  3.314648526  177.97601 
  3.320453515  177.40506 
  3.326258503  176.32361 
  3.332063492  174.93977 
  3.337868481  172.6007 
  3.407528345  160.93701 
  3.413333333  159.55026 
  3.419138322  158.05447 
  3.424943311  156.61415 
  3.430748299  155.17245 
  3.436553288  153.12065 
  3.442358277  151.91548 
  3.448163265  151.5758 
  3.453968254  151.48938 
  3.459773243  151.53996 
  3.465578231  151.09375 
  3.471383220  147.54895 
  3.477188209  147.1754 
  3.482993197  145.94025 
  4.609160998  319.99097 
  4.614965986  334.05048 
  4.620770975  347.2926 
  4.626575964  357.45044 
  4.632380952  362.13217 
  4.638185941  368.40457 
  4.643990930  364.99002 
  4.649795918  361.38272 
  4.655600907  356.97675 
  4.661405896  351.39545 
  4.667210884  346.35153 
  4.673015873  341.2787 
  4.678820862  340.7352 
  4.684625850  343.68378 
  4.690430839  349.39578 
  4.696235828  355.90698 
  4.702040816  360.9012 
  4.707845805  362.20355 
  4.713650794  356.9354 
  4.719455782  347.98575 
  4.725260771  344.83618 
  4.731065760  341.56213 
  4.736870748  341.68646 
  4.742675737  349.60468 
  4.748480726  353.4913 
  4.754285714  358.71765 
  4.760090703  361.3671 
  4.765895692  363.34222 
  4.771700680  365.2328 
  4.777505669  366.1342 
  4.783310658  370.073 
  4.789115646  371.3584 
  4.794920635  374.27118 
  4.800725624  376.82187 
  4.806530612  378.4106 
  4.812335601  381.56018 
  4.818140590  383.4939 
  4.823945578  385.0881 
  4.829750567  385.45663 
  4.835555556  384.92126 
  4.841360544  384.11652 
  4.847165533  382.77695 
  4.852970522  381.07416 
  4.858775510  379.87534 
  4.864580499  378.50705 
  4.870385488  377.9809 
  4.876190476  377.13187 
  4.881995465  376.27548 
  4.887800454  375.54376 
  4.893605442  374.83704 
  4.899410431  374.38992 
  4.905215420  374.06985 
  4.911020408  373.79672 
  4.916825397  374.0678 
  4.922630385  374.5142 
  4.928435374  374.84894 
  4.934240363  375.49698 
  4.940045351  373.91626 
  4.945850340  372.2034 
  4.951655329  369.6778 
  4.957460317  367.87183 
  4.963265306  368.18762 
  4.969070295  367.53738 
  4.974875283  365.61356 
  4.980680272  362.90933 
  4.986485261  359.76657 
  4.992290249  356.31305 
  4.998095238  353.52548 
  5.003900227  351.2097 
  5.009705215  348.71472 
  5.015510204  346.06442 
  5.021315193  342.01727 
  5.027120181  336.6656 
  5.032925170  333.96 
  5.038730159  331.82056 
  5.044535147  330.01733 
  5.050340136  329.59885 
  5.056145125  329.3889 
  5.061950113  329.01718 
  5.067755102  329.23953 
  5.073560091  328.71326 
  5.079365079  329.6789 
  5.085170068  330.99728 
  5.090975057  331.66516 
  5.096780045  331.9661 
  5.102585034  332.39917 
  5.108390023  332.03284 
  5.114195011  331.8364 
  5.120000000  332.28552 
  5.125804989  331.41672 
  5.131609977  331.38998 
  5.137414966  330.73282 
  5.143219955  330.116 
  5.149024943  329.39066 
  5.154829932  329.00397 
  5.160634921  328.78583 
  5.166439909  328.76395 
  5.172244898  329.85666 
  5.178049887  329.45044 
  5.183854875  329.3447 
  5.189659864  329.57367 
  5.195464853  328.42715 
  5.201269841  329.98767 
  5.207074830  333.02222 
  5.212879819  336.4021 
  5.218684807  340.19693 
  5.224489796  344.3668 
  5.230294785  348.64404 
  5.236099773  354.5616 
  5.241904762  362.5661 
  5.247709751  368.69495 
  5.253514739  375.5605 
  5.259319728  378.7272 
  5.265124717  384.65933 
  5.270929705  388.57104 
  5.276734694  392.5436 
  5.282539683  392.75204 
  5.288344671  392.91974 
  5.294149660  391.76175 
  5.299954649  388.5979 
  5.305759637  385.75226 
  5.311564626  381.54086 
  5.317369615  378.20114 
  5.323174603  376.04523 
  5.328979592  374.4738 
  5.334784580  373.65698 
  5.340589569  372.95398 
  5.346394558  372.52533 
  5.352199546  372.82315 
  5.358004535  373.5668 
  5.363809524  374.86838 
  5.369614512  375.91452 
  5.375419501  376.21674 
  5.381224490  376.31442 
  5.387029478  376.15982 
  5.392834467  376.9557 
  5.398639456  379.58182 
  5.404444444  382.839 
  5.410249433  385.22498 
  5.416054422  386.62756 
  5.421859410  386.77234 
  5.427664399  385.3321 
  5.433469388  382.21573 
  5.439274376  377.35938 
  5.445079365  372.50037 
  5.450884354  367.87448 
  5.456689342  367.588 
  5.462494331  368.21722 
  5.468299320  369.1067 
  5.474104308  370.6499 
  5.479909297  369.05887 
  5.485714286  369.07407 
  5.491519274  369.41904 
  5.497324263  375.54016 
  5.503129252  382.56683 
  5.508934240  387.67697 
  5.514739229  389.88156 
  5.520544218  391.69916 
  5.526349206  393.41315 
  5.532154195  395.17194 
  5.537959184  397.21646 
  5.543764172  399.70816 
  5.549569161  402.1585 
  5.555374150  404.62128 
  5.561179138  406.87952 
  5.566984127  408.77487 
  5.572789116  410.9357 
  5.578594104  414.0396 
  5.584399093  417.39725 
  5.590204082  420.33588 
  5.596009070  423.09726 
  5.601814059  425.03082 
  5.607619048  427.11243 
  5.613424036  429.93506 
  5.619229025  432.15134 
  5.625034014  434.65295 
  5.630839002  436.03558 
  5.636643991  437.15042 
  5.642448980  437.61627 
  5.648253968  437.57654 
  5.654058957  436.85284 
  5.659863946  436.73868 
  5.665668934  435.9441 
  5.671473923  434.58972 
  5.677278912  432.56366 
  5.683083900  429.15265 
  5.688888889  423.31555 
  5.694693878  415.49255 
  5.700498866  417.83145 
  5.706303855  419.6404 
  5.712108844  420.3658 
  5.717913832  420.1435 
  5.723718821  418.60385 
  5.729523810  416.88794 
  5.735328798  414.50885 
  5.741133787  411.97354 
  5.746938776  409.2051 
  5.752743764  405.81058 
  5.758548753  401.6425 
  5.764353741  396.18707 
  5.770158730  391.01767 
  5.775963719  387.33722 
  5.781768707  389.40875 
  5.787573696  393.5824 
  5.793378685  397.0574 
  5.799183673  398.78998 
  5.804988662  399.94907 
  5.810793651  399.5161 
  5.816598639  399.13034 
  5.822403628  397.42386 
  5.828208617  396.32407 
  5.834013605  395.22598 
  5.839818594  393.5724 
  5.845623583  392.51315 
  5.851428571  391.61444 
  5.857233560  391.12766 
  5.863038549  391.87924 
  5.868843537  394.04242 
  5.874648526  396.48938 
  5.880453515  397.63123 
  5.886258503  397.6708 
  5.892063492  397.409 
  5.897868481  396.7741 
  5.903673469  396.65585 
  5.909478458  397.7838 
  5.915283447  398.8859 
  5.921088435  399.333 
  5.926893424  399.9618 
  5.932698413  400.91037 
  5.938503401  402.2119 
  5.944308390  404.50003 
  5.950113379  406.20386 
  5.955918367  406.9416 
  5.961723356  406.82983 
  5.967528345  406.11456 
  5.973333333  405.68454 
  5.979138322  404.85077 
  5.984943311  403.49136 
  5.990748299  402.1324 
  5.996553288  400.09048 
  6.002358277  397.508 
  6.008163265  395.3342 
  6.013968254  393.42593 
  6.019773243  391.9213 
  6.025578231  390.7067 
  6.031383220  389.92963 
  6.037188209  389.35928 
  6.042993197  388.61404 
  6.048798186  388.52344 
  6.054603175  388.68158 
  6.060408163  390.11768 
  6.066213152  391.37088 
  6.072018141  392.5704 
  6.077823129  393.24634 
  6.083628118  393.02145 
  6.089433107  393.6187 
  6.095238095  394.26605 
  6.101043084  395.49518 
  6.106848073  396.76108 
  6.112653061  397.60422 
  6.118458050  398.11508 
  6.124263039  398.0653 
  6.130068027  398.04767 
  6.135873016  398.0789 
  6.141678005  397.95352 
  6.147482993  398.20688 
  6.153287982  398.43082 
  6.159092971  398.11273 
  6.164897959  397.21793 
  6.170702948  396.2456 
  6.176507937  394.94012 
  6.182312925  393.59277 
  6.188117914  392.18155 
  6.193922902  391.23547 
  6.199727891  390.06717 
  6.205532880  388.90738 
  6.211337868  388.28403 
  6.217142857  387.40646 
  6.222947846  387.52356 
  6.228752834  388.26706 
  6.234557823  388.69238 
  6.240362812  389.25107 
  6.246167800  389.93954 
  6.251972789  390.44724 
  6.257777778  391.2782 
  6.263582766  391.72583 
  6.269387755  392.2141 
  6.275192744  392.50568 
  6.280997732  393.38162 
  6.286802721  394.34073 
  6.292607710  394.93948 
  6.298412698  395.39163 
  6.304217687  395.32965 
  6.310022676  395.17853 
  6.315827664  394.7431 
  6.321632653  394.66006 
  6.327437642  394.73975 
  6.333242630  394.60443 
  6.339047619  395.0483 
  6.344852608  395.406 
  6.350657596  395.3861 
  6.356462585  395.60986 
  6.362267574  395.92215 
  6.368072562  396.03168 
  6.373877551  396.6131 
  6.379682540  396.71722 
  6.385487528  396.40942 
  6.391292517  396.37585 
  6.397097506  396.55832 
  6.402902494  397.118 
  6.408707483  397.87622 
  6.414512472  398.53262 
  6.420317460  398.58142 
  6.426122449  398.6635 
  6.431927438  399.09277 
  6.437732426  399.384 
  6.443537415  399.204 
  6.449342404  398.65466 
  6.455147392  397.766 
  6.460952381  396.9789 
  6.466757370  397.37073 
  6.472562358  397.58008 
  6.478367347  397.73322 
  6.484172336  397.79358 
  6.489977324  397.07172 
  6.495782313  396.75055 
  6.501587302  397.1311 
  6.507392290  397.83026 
  6.513197279  398.28134 
  6.519002268  398.11322 
  6.524807256  396.96747 
  6.530612245  395.44086 
  6.536417234  393.8518 
  6.542222222  391.8563 
  6.548027211  391.09314 
  6.553832200  390.8529 
  6.559637188  390.53958 
  6.565442177  390.70743 
  6.571247166  390.3128 
  6.577052154  389.9594 
  6.582857143  390.85873 
  6.588662132  391.664 
  6.594467120  392.81235 
  6.600272109  392.74048 
  6.606077098  392.37708 
  6.611882086  392.17007 
  6.617687075  391.76196 
  6.623492063  392.74622 
  6.629297052  392.7569 
  6.635102041  391.26587 
  6.640907029  387.12848 
  6.698956916  424.27365 
  6.704761905  412.20502 
  6.710566893  406.74426 
  6.716371882  403.75272 
  6.722176871  399.05585 
  6.727981859  393.2956 
  6.733786848  387.6184 
  6.739591837  383.70697 
  6.745396825  378.7185 
  6.751201814  369.89822 
  6.757006803  353.85434 
  6.762811791  350.05975 
  6.768616780  364.31296 
  6.774421769  373.3297 
  6.780226757  378.8147 
  6.786031746  383.4716 
  6.791836735  386.64536 
  6.797641723  388.15326 
  6.803446712  391.77087 
  6.809251701  395.22205 
  6.815056689  398.32666 
  6.820861678  400.12125 
  6.826666667  400.81845 
  6.832471655  399.85852 
  6.838276644  397.98557 
  6.844081633  396.29224 
  6.849886621  394.37308 
  6.855691610  393.2031 
  6.861496599  392.07883 
  6.867301587  391.28494 
  6.873106576  391.70065 
  6.878911565  391.2678 
  6.884716553  390.90216 
  6.890521542  389.9778 
  6.896326531  388.34216 
  6.902131519  387.24805 
  6.907936508  386.0472 
  6.913741497  385.5295 
  6.919546485  384.4872 
  6.925351474  384.7542 
  6.931156463  385.68597 
  6.936961451  385.9993 
  6.942766440  385.86078 
  6.948571429  384.00156 
  6.954376417  381.84357 
  6.960181406  380.08698 
  6.965986395  380.04626 
  6.971791383  380.40417 
  6.977596372  380.7121 
  6.983401361  380.88785 
  6.989206349  380.5332 
  6.995011338  381.7783 
  7.000816327  383.4118 
  7.006621315  386.10513 
  7.012426304  389.51157 
  7.018231293  390.5748 
  7.024036281  392.27856 
  7.029841270  394.46182 
  7.035646259  395.2802 
  7.041451247  395.9367 
  7.047256236  397.09213 
  7.053061224  393.6044 
  7.058866213  390.73 
  7.064671202  384.73645 
  7.070476190  376.40106 
  7.076281179  369.01062 
  7.233015873  414.442 
  7.238820862  405.22253 
  7.244625850  401.07544 
  7.250430839  399.3469 
  7.256235828  396.6015 
  7.262040816  393.60144 
  7.267845805  391.37027 
  7.273650794  388.67157 
  7.279455782  387.67194 
  7.285260771  387.69937 
  7.291065760  389.21918 
  7.296870748  391.6036 
  7.302675737  392.58536 
  7.308480726  393.09903 
  7.314285714  393.46994 
  7.320090703  393.68262 
  7.325895692  394.90482 
  7.331700680  397.3711 
  7.337505669  399.78574 
  7.343310658  400.99863 
  7.349115646  401.82608 
  7.354920635  402.82385 
  7.360725624  403.67868 
  7.366530612  405.54324 
  7.372335601  407.3711 
  7.378140590  408.57706 
  7.383945578  409.41983 
  7.389750567  408.9574 
  7.395555556  408.20612 
  7.401360544  407.49054 
  7.407165533  407.0145 
  7.412970522  407.0241 
  7.418775510  406.31516 
  7.424580499  405.67093 
  7.430385488  404.61325 
  7.436190476  403.5027 
  7.441995465  402.95737 
  7.447800454  402.7329 
  7.453605442  402.84567 
  7.459410431  403.08026 
  7.465215420  402.77103 
  7.471020408  401.83997 
  7.476825397  399.98294 
  7.482630385  397.63684 
  7.488435374  395.48773 
  7.494240363  393.7463 
  7.500045351  392.01862 
  7.505850340  390.4771 
  7.511655329  388.3116 
  7.517460317  386.23474 
  7.523265306  384.42307 
  7.529070295  381.33444 
  7.534875283  378.1836 
  7.540680272  376.2834 
  7.546485261  373.87982 
  7.552290249  372.6225 
  7.558095238  371.9743 
  7.563900227  371.15533 
  7.569705215  370.8889 
  7.575510204  370.99268 
  7.581315193  371.79004 
  7.587120181  372.45673 
  7.592925170  373.369 
  7.598730159  374.1386 
  7.604535147  374.16827 
  7.610340136  373.76956 
  7.616145125  372.53387 
  7.621950113  370.8287 
  7.627755102  369.2506 
  7.633560091  366.07083 
  7.639365079  362.05914 
  7.645170068  358.25278 
  7.650975057  353.28842 
  7.656780045  347.9714 
  7.662585034  342.72516 
  7.668390023  339.31897 
  7.674195011  337.34656 
  7.680000000  337.26282 
  7.685804989  338.0835 
  7.691609977  338.6793 
  7.697414966  339.43573 
  7.703219955  339.92596 
  7.709024943  340.4954 
  7.714829932  340.53726 
  7.720634921  341.08478 
  7.726439909  341.74277 
  7.732244898  342.55072 
  7.738049887  343.61542 
  7.743854875  343.9809 
  7.749659864  344.821 
  7.755464853  345.2037 
  7.761269841  345.9672 
  7.767074830  347.42023 
  7.772879819  348.49164 
  7.778684807  349.96542 
  7.784489796  351.18604 
  7.790294785  351.8243 
  7.796099773  352.01776 
  7.801904762  351.77023 
  7.807709751  351.9468 
  7.813514739  352.18246 
  7.819319728  352.6538 
  7.825124717  353.58105 
  7.830929705  353.70328 
  7.836734694  354.6535 
  7.842539683  355.20786 
  7.848344671  355.55344 
  7.854149660  356.33356 
  7.859954649  357.57867 
  7.865759637  360.06097 
  7.871564626  365.3036 
  7.877369615  372.8701 
  7.883174603  381.27338 
  7.888979592  388.25812 
  7.894784580  391.11108 
  7.900589569  392.62164 
  7.906394558  395.39386 
  7.912199546  397.75085 
  7.918004535  400.98145 
  7.923809524  400.3888 
  7.929614512  395.2048 
  7.935419501  389.64267 
  7.941224490  386.19366 
  7.947029478  383.18475 
  7.952834467  379.74194 
  7.958639456  378.10794 
  7.964444444  377.18457 
  7.970249433  375.75314 
  7.976054422  374.9725 
  7.981859410  373.5198 
  7.987664399  372.55612 
  7.993469388  372.83392 
  7.999274376  372.5105 
  8.005079365  373.48917 
  8.010884354  375.02167 
  8.016689342  375.87772 
  8.022494331  376.79303 
  8.028299320  377.89523 
  8.034104308  378.62427 
  8.039909297  381.39557 
  8.045714286  384.2129 
  8.051519274  385.62952 
  8.057324263  386.5566 
  8.063129252  385.6367 
  8.068934240  380.45886 
  8.074739229  374.25583 
  8.080544218  370.1841 
  8.086349206  367.34567 
  8.092154195  364.6291 
  8.097959184  364.16476 
  8.103764172  365.1936 
  8.109569161  366.8487 
  8.115374150  370.2759 
  8.121179138  372.11023 
  8.126984127  373.7614 
  8.132789116  377.08902 
  8.138594104  382.9358 
  8.144399093  389.2915 
  8.150204082  394.366 
  8.156009070  397.68732 
  8.161814059  399.84064 
  8.167619048  401.13998 
  8.173424036  402.0769 
  8.179229025  403.01083 
  8.185034014  404.32172 
  8.190839002  404.3824 
  8.196643991  405.36655 
  8.202448980  404.76526 
  8.208253968  404.4045 
  8.214058957  405.0908 
  8.219863946  405.30463 
  8.225668934  407.5388 
  8.231473923  407.95258 
  8.237278912  409.9528 
  8.243083900  410.85138 
  8.248888889  412.20483 
  8.254693878  414.74487 
  8.260498866  415.81747 
  8.266303855  417.22546 
  8.272108844  418.62167 
  8.277913832  419.22165 
  8.283718821  419.4857 
  8.289523810  419.4077 
  8.295328798  418.7609 
  8.301133787  418.20865 
  8.306938776  417.5035 
  8.312743764  417.93085 
  8.318548753  417.61426 
  8.324353741  417.32587 
  8.330158730  416.93237 
  8.335963719  416.2039 
  8.341768707  416.3789 
  8.347573696  417.30096 
  8.353378685  417.08868 
  8.359183673  417.3687 
  8.364988662  417.02274 
  8.370793651  416.54245 
  8.376598639  416.64944 
  8.382403628  417.31046 
  8.388208617  418.32806 
  8.394013605  418.96436 
  8.399818594  419.899 
  8.405623583  420.92438 
  8.411428571  421.4055 
  8.417233560  422.0622 
  8.423038549  422.17572 
  8.428843537  421.6849 
  8.434648526  421.5908 
  8.440453515  420.7176 
  8.446258503  421.442 
  8.452063492  421.68378 
  8.457868481  423.7124 
  8.463673469  424.58612 
  8.469478458  425.55725 
  8.475283447  425.86746 
  8.481088435  425.5696 
  8.486893424  425.96378 
  8.492698413  425.3996 
  8.498503401  425.54453 
  8.504308390  425.31454 
  8.510113379  425.1675 
  8.515918367  425.24277 
  8.521723356  423.9569 
  8.527528345  421.9974 
  8.533333333  418.9969 
  8.539138322  414.06223 
  8.544943311  409.0597 
  8.550748299  402.02792 
  8.556553288  399.0081 
  8.562358277  399.92145 
  8.568163265  400.80405 
  8.573968254  399.52176 
  8.579773243  394.60138 
  8.585578231  388.90668 
  8.591383220  381.22626 
  8.597188209  371.23337 
  8.602993197  364.38065 
  8.608798186  359.67346 
  8.614603175  358.11832 
  8.620408163  360.63345 
  8.626213152  365.83218 
  8.632018141  370.1454 
  8.637823129  373.91122 
  8.643628118  376.902 
  8.649433107  378.57956 
  8.655238095  379.8106 
  8.661043084  380.63474 
  8.666848073  380.99286 
  8.672653061  379.6224 
  8.678458050  378.72772 
  8.684263039  377.5184 
  8.690068027  376.7084 
  8.695873016  376.72263 
  8.701678005  376.68066 
  8.707482993  378.24225 
  8.713287982  378.8653 
  8.719092971  378.4208 
  8.724897959  377.92932 
  8.730702948  376.56732 
  8.736507937  375.1869 
  8.742312925  373.59766 
  8.748117914  372.2323 
  8.753922902  370.98184 
  8.759727891  369.48447 
  8.765532880  368.8017 
  8.771337868  367.77985 
  8.777142857  368.71854 
  8.782947846  369.50497 
  8.788752834  371.09607 
  8.794557823  373.70126 
  8.800362812  375.28497 
  8.806167800  378.91467 
  8.811972789  383.34836 
  8.817777778  387.6947 
  8.823582766  386.80548 
  8.840997732  323.98987 
  8.846802721  315.9258 
  8.852607710  316.01694 
  8.858412698  321.04462 
  8.864217687  331.15564 
  8.870022676  341.88025 
  8.875827664  348.28442 
  8.881632653  350.1558 
  8.887437642  350.24408 
  8.893242630  348.18164 
  8.899047619  345.86993 
  8.904852608  343.13687 
  8.910657596  339.71686 
  8.916462585  336.5841 
  8.922267574  333.365 
  8.928072562  329.8691 
  8.933877551  327.97867 
  8.939682540  328.4529 
  8.945487528  331.33975 
  8.951292517  335.62567 
  8.957097506  338.6967 
  8.962902494  342.62466 
  8.968707483  345.82507 
  8.974512472  349.3027 
  8.980317460  352.9633 
  8.986122449  355.5209 
  8.991927438  356.6483 
  8.997732426  355.66162 
  9.003537415  352.7874 
  9.009342404  350.78445 
  9.015147392  349.10455 
  9.020952381  348.47125 
  9.026757370  347.83548 
  9.032562358  347.45047 
  9.038367347  347.36346 
  9.044172336  346.55185 
  9.049977324  346.0959 
  9.055782313  345.01276 
  9.061587302  344.03833 
  9.067392290  342.47037 
  9.073197279  340.34335 
  9.079002268  338.47452 
  9.084807256  336.89246 
  9.090612245  335.7569 
  9.096417234  335.77264 
  9.102222222  336.16092 
  9.108027211  336.50818 
  9.113832200  337.169 
  9.119637188  337.55038 
  9.125442177  338.1059 
  9.131247166  338.8966 
  9.137052154  339.304 
  9.142857143  340.05453 
  9.148662132  341.093 
  9.154467120  341.99857 
  9.160272109  343.122 
  9.166077098  343.92242 
  9.171882086  344.38928 
  9.177687075  345.15076 
  9.183492063  345.15085 
  9.189297052  345.51047 
  9.195102041  345.95486 
  9.200907029  345.92044 
  9.206712018  346.09406 
  9.212517007  346.07602 
  9.218321995  346.17645 
  9.224126984  346.64807 
  9.229931973  346.95734 
  9.235736961  346.68747 
  9.241541950  346.03043 
  9.247346939  345.2082 
  9.253151927  344.69345 
  9.258956916  344.81494 
  9.264761905  345.13638 
  9.270566893  345.19827 
  9.276371882  345.51108 
  9.282176871  345.44968 
  9.287981859  345.88318 
  9.293786848  346.5787 
  9.299591837  347.12183 
  9.305396825  347.50458 
  9.311201814  346.64996 
  9.317006803  346.22702 
  9.322811791  345.6478 
  9.328616780  345.60815 
  9.334421769  347.1795 
  9.340226757  348.29855 
  9.346031746  348.3642 
  9.351836735  348.16394 
  9.357641723  347.5532 
  9.363446712  346.6533 
  9.369251701  346.75668 
  9.375056689  346.19724 
  9.380861678  345.49744 
  9.386666667  344.65985 
  9.392471655  343.67142 
  9.398276644  343.0008 
  9.404081633  342.51328 
  9.409886621  342.7197 
  9.415691610  343.13165 
  9.421496599  343.05386 
  9.427301587  342.67233 
  9.433106576  342.47192 
  9.438911565  342.1428 
  9.444716553  342.83673 
  9.450521542  344.2871 
  9.456326531  344.47522 
  9.462131519  344.98428 
  9.467936508  345.27908 
  9.473741497  345.73627 
  9.479546485  347.05762 
  9.485351474  348.4642 
  9.491156463  349.8514 
  9.496961451  350.56903 
  9.502766440  350.4191 
  9.508571429  350.4585 
  9.514376417  350.55118 
  9.520181406  350.44196 
  9.525986395  350.38177 
  9.531791383  349.65726 
  9.537596372  348.74634 
  9.543401361  347.96014 
  9.549206349  347.28302 
  9.555011338  346.45972 
  9.560816327  345.48413 
  9.566621315  344.37592 
  9.572426304  343.0742 
  9.578231293  341.1301 
  9.584036281  339.6603 
  9.589841270  338.55865 
  9.595646259  338.40155 
  9.601451247  339.02518 
  9.607256236  339.57828 
  9.613061224  340.09616 
  9.618866213  340.05865 
  9.624671202  339.82007 
  9.630476190  340.03162 
  9.636281179  340.5085 
  9.642086168  341.16962 
  9.647891156  342.01013 
  9.653696145  342.3658 
  9.659501134  343.02 
  9.665306122  343.53595 
  9.671111111  345.04816 
  9.676916100  347.04926 
  9.682721088  348.707 
  9.688526077  350.62326 
  9.694331066  351.6189 
  9.700136054  351.86652 
  9.705941043  351.23563 
  9.711746032  348.30154 
  9.717551020  343.5557 
  9.723356009  334.28384 
  9.729160998  322.2729 
  9.734965986  313.27792 
  9.851065760  370.84372 
  9.856870748  366.31155 
  9.862675737  364.76392 
  9.868480726  364.35483 
  9.874285714  363.51288 
  9.880090703  363.72308 
  9.885895692  364.66977 
  9.891700680  365.48087 
  9.897505669  366.30316 
  9.903310658  366.91608 
  9.909115646  367.12766 
  9.914920635  366.96378 
  9.920725624  366.5115 
  9.926530612  365.24316 
  9.932335601  363.2503 
  9.938140590  360.4341 
  9.943945578  357.8821 
  9.949750567  356.167 
  9.955555556  354.82007 
  9.961360544  353.0642 
  9.967165533  351.19714 
  9.972970522  349.98654 
  9.978775510  350.09546 
  9.984580499  351.55396 
  9.990385488  353.77942 
  9.996190476  356.74454 
  10.001995465  359.3174 
  10.007800454  361.7322 
  10.013605442  360.06488 
  10.054240363  363.6862 
  10.060045351  365.9319 
  10.065850340  373.14035 
  10.071655329  377.75085 
  10.077460317  382.8456 
  10.083265306  386.19244 
  10.089070295  387.68698 
  10.094875283  386.19922 
  10.100680272  385.4737 
  10.106485261  384.142 
  10.112290249  384.50464 
  10.118095238  385.222 
  10.123900227  384.71362 
  10.129705215  384.21133 
  10.135510204  382.7678 
  10.141315193  381.2668 
  10.147120181  379.50623 
  10.152925170  377.83856 
  10.158730159  377.08542 
  10.164535147  375.6193 
  10.170340136  374.0563 
  10.176145125  372.91858 
  10.181950113  371.43045 
  10.187755102  371.1894