
  0.220589569  463.97986 
  0.226394558  461.14575 
  0.232199546  459.57693 
  0.238004535  460.63422 
  0.243809524  461.22668 
  0.249614512  460.74045 
  0.255419501  462.2448 
  0.261224490  463.57196 
  0.267029478  463.11728 
  0.272834467  463.18863 
  0.278639456  464.16666 
  0.284444444  463.29645 
  0.290249433  463.65714 
  0.296054422  464.68765 
  0.301859410  463.82352 
  0.307664399  465.0237 
  0.313469388  465.91693 
  0.319274376  467.34027 
  0.325079365  467.36136 
  0.330884354  464.87616 
  0.336689342  461.70685 
  0.342494331  459.76263 
  0.348299320  458.22324 
  0.354104308  458.33783 
  0.359909297  457.8337 
  0.365714286  457.93912 
  0.371519274  458.60956 
  0.377324263  457.92633 
  0.383129252  457.71017 
  0.388934240  457.2186 
  0.394739229  457.42505 
  0.400544218  456.36813 
  0.406349206  456.05475 
  0.412154195  456.26678 
  0.417959184  455.35776 
  0.423764172  458.59424 
  0.429569161  458.25043 
  0.435374150  458.07135 
  0.441179138  458.62253 
  0.446984127  459.98575 
  0.452789116  461.43384 
  0.458594104  464.6354 
  0.464399093  464.7081 
  0.470204082  463.40848 
  0.476009070  461.32706 
  0.481814059  459.28583 
  0.487619048  459.65286 
  0.493424036  459.41364 
  0.499229025  462.71576 
  0.505034014  463.3116 
  0.510839002  464.4173 
  0.516643991  464.28006 
  0.522448980  459.6375 
  0.528253968  459.7306 
  0.534058957  460.44028 
  0.539863946  460.05417 
  0.545668934  461.84738 
  0.551473923  462.33258 
  0.557278912  460.36432 
  0.563083900  460.526 
  0.568888889  462.77185 
  0.574693878  463.86917 
  0.580498866  464.91116 
  0.586303855  465.55783 
  0.592108844  464.5545 
  0.597913832  464.5171 
  0.603718821  464.4098 
  0.609523810  464.9453 
  0.615328798  465.33902 
  0.621133787  465.5354 
  0.626938776  465.8777 
  0.632743764  464.71625 
  0.638548753  464.71512 
  0.644353741  465.0364 
  0.650158730  464.8543 
  0.655963719  465.2104 
  0.661768707  464.57867 
  0.667573696  463.71387 
  0.673378685  462.27838 
  0.679183673  461.68637 
  0.684988662  461.2083 
  0.690793651  460.24146 
  0.696598639  460.72662 
  0.702403628  460.3145 
  0.708208617  460.7663 
  0.714013605  460.4694 
  0.719818594  460.74173 
  0.725623583  462.67603 
  0.731428571  462.38986 
  0.737233560  463.08893 
  0.743038549  463.8324 
  0.748843537  461.47235 
  0.754648526  460.23846 
  0.760453515  462.2636 
  0.766258503  461.2394 
  0.772063492  462.82532 
  0.777868481  464.3985 
  0.783673469  462.1876 
  0.789478458  462.30225 
  0.795283447  461.77594 
  0.801088435  462.07663 
  0.806893424  463.46194 
  0.812698413  461.2062 
  0.818503401  461.009 
  0.824308390  461.68298 
  0.830113379  458.91837 
  0.835918367  464.29095 
  0.841723356  464.42297 
  0.847528345  465.80542 
  0.853333333  464.657 
  0.859138322  454.88455 
  0.864943311  457.29272 
  0.870748299  458.1496 
  0.876553288  464.93533 
  0.882358277  466.24734 
  1.358367347  298.52643 
  1.364172336  298.26495 
  1.369977324  299.14398 
  1.375782313  301.9117 
  1.381587302  306.10608 
  1.387392290  311.4351 
  1.393197279  320.25125 
  1.399002268  337.38632 
  1.404807256  350.22418 
  1.410612245  356.67715 
  1.416417234  359.4605 
  1.422222222  361.12625 
  1.428027211  361.02838 
  1.433832200  359.35587 
  1.439637188  355.57214 
  1.445442177  344.28497 
  1.451247166  336.69772 
  1.457052154  336.8749 
  1.462857143  341.71967 
  1.468662132  339.62335 
  1.474467120  338.39383 
  1.480272109  338.78366 
  1.486077098  345.19705 
  1.491882086  350.1378 
  1.497687075  353.7667 
  1.503492063  352.5029 
  1.509297052  348.92276 
  1.515102041  345.8593 
  1.520907029  341.12552 
  1.526712018  335.98947 
  1.532517007  330.9752 
  1.538321995  326.3558 
  1.544126984  320.44263 
  1.549931973  314.6851 
  1.555736961  310.4098 
  1.747301587  297.92847 
  1.753106576  296.33316 
  1.758911565  296.0627 
  1.764716553  298.66446 
  1.770521542  303.45123 
  1.776326531  305.9675 
  1.782131519  307.01874 
  1.787936508  307.41412 
  1.793741497  309.52756 
  1.799546485  310.67545 
  1.805351474  312.4716 
  1.811156463  313.641 
  1.816961451  314.14767 
  1.822766440  315.40933 
  1.828571429  316.91458 
  1.834376417  318.63644 
  1.840181406  322.05505 
  1.845986395  324.40128 
  1.851791383  326.42215 
  1.857596372  329.2814 
  1.863401361  329.41315 
  1.921451247  367.1354 
  1.927256236  368.25433 
  1.933061224  366.75824 
  1.938866213  368.7637 
  1.944671202  364.09354 
  1.950476190  358.56366 
  1.956281179  350.84567 
  1.962086168  342.90533 
  1.967891156  336.9168 
  1.973696145  332.20236 
  2.130430839  303.82852 
  2.136235828  300.2011 
  2.142040816  297.15518 
  2.147845805  295.20242 
  2.153650794  294.30273 
  2.159455782  293.90677 
  2.165260771  294.298 
  2.171065760  296.25647 
  2.176870748  303.53073 
  2.182675737  312.79587 
  2.188480726  311.74686 
  2.194285714  308.8583 
  2.200090703  302.38217 
  2.205895692  291.74277 
  6.472562358  265.96265 
  6.478367347  263.36227 
  6.484172336  262.14264 
  6.489977324  261.82706 
  6.495782313  261.3493 
  6.501587302  261.96994 
  6.507392290  262.9282 
  6.513197279  263.77844 
  6.519002268  264.86023 
  6.524807256  265.4977 
  6.530612245  266.3104 
  6.536417234  267.64368 
  6.542222222  268.0477 
  6.548027211  269.28195 
  6.553832200  269.55487 
  6.559637188  270.18295 
  6.565442177  271.12527 
  6.571247166  271.2819 
  6.577052154  272.0592 
  6.582857143  272.8226 
  6.588662132  273.4758 
  6.594467120  274.73126 
  6.600272109  276.31577 
  6.606077098  277.6585 
  6.611882086  278.63736 
  6.617687075  279.15497 
  6.623492063  278.957 
  6.629297052  279.8682 
  6.635102041  280.39578 
  6.640907029  281.06497 
  6.646712018  280.90857 
  6.652517007  280.04648 
  6.658321995  279.79987 
  6.664126984  279.30136 
  6.669931973  280.46057 
  6.675736961  282.1838 
  6.681541950  282.66672 
  6.687346939  283.12057 
  6.693151927  283.36118 
  6.698956916  283.0299 
  6.704761905  282.55817 
  6.710566893  283.89386 
  6.716371882  284.5071 
  6.722176871  285.011 
  6.727981859  284.82693 
  6.733786848  284.0533 
  6.739591837  282.74286 
  6.745396825  282.01102 
  6.751201814  283.28568 
  6.757006803  285.12967 
  6.762811791  287.2559 
  6.768616780  286.28302 
  6.774421769  282.8277 
  6.780226757  279.05478 
  6.786031746  276.09384 
  6.791836735  274.61664 
  6.797641723  275.22803 
  6.803446712  274.3206 
  6.809251701  273.66782 
  6.815056689  271.95078 
  6.820861678  271.43124 
  6.826666667  271.26178 
  6.832471655  271.9357 
  6.838276644  272.05862 
  6.844081633  272.25784 
  6.849886621  274.9214 
  6.855691610  275.73715 
  6.861496599  276.99338 
  6.867301587  279.94092 
  6.873106576  282.173 
  6.878911565  286.15582 
  6.884716553  289.52744 
  6.890521542  289.71402 
  6.896326531  290.23694 
  6.902131519  289.99194 
  6.907936508  290.63617 
  6.913741497  292.23526 
  6.919546485  291.3731 
  6.925351474  291.01474 
  6.931156463  289.03397 
  6.936961451  287.45505 
  6.942766440  286.48083 
  6.948571429  283.73856 
  6.954376417  280.94748 
  6.960181406  279.21912 
  6.965986395  278.97488 
  6.971791383  277.66898 
  6.977596372  276.58975 
  6.983401361  276.06277 
  6.989206349  274.80472 
  6.995011338  274.31143 
  7.000816327  274.97083 
  7.006621315  275.08084 
  7.012426304  276.3666 
  7.018231293  276.68137 
  7.024036281  277.01575 
  7.029841270  276.771 
  7.035646259  276.16443 
  7.041451247  276.90912 
  7.047256236  277.45572 
  7.053061224  279.11392 
  7.058866213  280.22842 
  7.064671202  281.014 
  7.070476190  281.60428 
  7.076281179  280.6217 
  7.082086168  280.65735 
  7.087891156  280.8334 
  7.093696145  279.75598 
  7.099501134  280.02405 
  7.105306122  279.63052 
  7.111111111  279.06412 
  7.116916100  279.5299 
  7.122721088  279.6486 
  7.128526077  279.6995 
  7.134331066  279.00406 
  7.140136054  279.0888 
  7.145941043  278.6443 
  7.151746032  278.2773 
  7.157551020  278.2462 
  7.163356009  276.71725 
  7.169160998  274.8791 
  7.174965986  271.6197 
  7.180770975  268.63922 
  7.186575964  266.97568 
  7.192380952  261.88483 
  7.552290249  243.65594 
  7.558095238  241.8136 
  7.563900227  239.69096 
  7.569705215  238.19258 
  7.575510204  236.72871 
  7.581315193  234.98247 
  7.587120181  233.7328 
  7.592925170  232.50685 
  7.598730159  231.47789 
  7.604535147  230.07504 
  7.610340136  228.11241 
  7.616145125  226.8597 
  7.621950113  226.59013 
  7.627755102  226.12474 
  7.633560091  225.35303 
  7.639365079  225.61324 
  7.865759637  297.65695 
  7.871564626  294.4026 
  7.877369615  293.86746 
  7.883174603  291.63782 
  7.888979592  291.58636 
  7.894784580  288.96686 
  7.900589569  288.28763 
  7.906394558  284.52222 
  7.912199546  283.06903 
  7.918004535  280.83075 
  7.958639456  279.7999 
  7.964444444  284.43954 
  7.970249433  289.08267 
  7.976054422  292.66922 
  7.981859410  294.77255 
  7.987664399  294.42413 
  7.993469388  293.6513 
  7.999274376  292.68256 
  8.005079365  290.9178 
  8.010884354  289.40073 
  8.016689342  288.4086 
  8.022494331  287.24612 
  8.028299320  286.02924 
  8.034104308  289.3634 
  8.039909297  298.77945 
  8.045714286  300.9651 
  8.051519274  301.5688 
  8.057324263  301.6088 
  8.063129252  302.36975 
  8.068934240  303.10306 
  8.074739229  304.79074 
  8.080544218  306.93857 
  8.086349206  309.4464 
  8.092154195  311.07025 
  8.097959184  311.67017 
  8.103764172  312.16708 
  8.109569161  312.98138 
  8.115374150  314.1457 
  8.121179138  316.6615 
  8.126984127  320.43076 
  8.132789116  323.0783 
  8.138594104  324.86755 
  8.144399093  326.43497 
  8.150204082  327.6823 
  8.156009070  331.0569 
  8.161814059  335.55222 
  8.167619048  339.20908 
  8.173424036  340.44537 
  8.179229025  344.45074 
  8.185034014  349.0584 
  8.190839002  355.45737 
  8.196643991  357.48956 
  8.202448980  362.6076 
  8.208253968  367.67645 
  8.214058957  374.6901 
  8.219863946  384.19888 
  8.225668934  389.1016 
  8.231473923  392.5292 
  8.237278912  395.72598 
  8.243083900  397.3465 
  8.248888889  399.53183 
  8.254693878  401.02924 
  8.341768707  400.0073 
  8.347573696  400.1645 
  8.353378685  401.56042 
  8.359183673  401.13467 
  8.364988662  397.85132 
  8.370793651  395.4535 
  8.376598639  389.5584 
  8.382403628  382.7412 
  8.388208617  376.73767 
  8.394013605  372.05252 
  8.399818594  369.91034 
  8.405623583  368.2707 
  8.411428571  366.97067 
  8.417233560  365.92734 
  8.423038549  364.95187 
  8.428843537  364.29385 
  8.434648526  362.1797 
  8.440453515  361.74857 
  8.446258503  362.7495 
  8.452063492  362.4294 
  8.457868481  361.49826 
  8.463673469  364.16092 
  8.469478458  361.2579 
  8.475283447  358.96417 
  8.481088435  351.5095 
  8.486893424  345.57535 
  8.492698413  336.71646 
  8.626213152  239.89914 
  8.632018141  238.29688 
  8.637823129  237.86862 
  8.643628118  236.94722 
  8.649433107  237.553 
  8.655238095  238.49443 
  8.661043084  239.30002 
  8.666848073  240.01004 
  8.672653061  240.88318 
  8.678458050  241.83377 
  8.684263039  242.911 
  8.690068027  244.05984 
  8.695873016  245.38126 
  8.701678005  246.80545 
  8.707482993  248.36954 
  8.713287982  249.31155 
  8.719092971  249.88844 
  8.724897959  250.49417 
  8.730702948  250.68935 
  8.736507937  251.43817 
  8.742312925  251.91257 
  8.748117914  252.55794 
  8.753922902  252.62761 
  8.759727891  252.77184 
  8.765532880  251.25499 
  8.771337868  249.68967 
  8.777142857  249.53635 
  8.782947846  249.31569 
  8.788752834  250.12521 
  8.794557823  250.55917 
  8.800362812  251.67308 
  8.806167800  251.44525 
  8.811972789  252.3486 
  8.817777778  252.73172 
  8.823582766  252.85844 
  8.829387755  253.58673 
  8.835192744  253.72751 
  8.840997732  254.09941 
  8.846802721  254.37747 
  8.852607710  255.016 
  8.858412698  255.00594 
  8.864217687  253.86194 
  8.870022676  253.3382 
  8.875827664  253.00253 
  8.881632653  253.0471 
  8.887437642  253.55153 
  8.893242630  253.5257 
  8.899047619  253.27309 
  8.904852608  252.61118 
  8.910657596  252.35233 
  8.916462585  251.9219 
  8.922267574  252.4356 
  8.928072562  253.7801 
  8.933877551  255.71863 
  8.939682540  255.65665 
  8.945487528  254.91142 
  8.951292517  254.22992 
  8.957097506  253.84688 
  8.962902494  254.26147 
  8.968707483  254.89107 
  8.974512472  255.5136 
  8.980317460  255.17863 
  8.986122449  254.0262 
  8.991927438  253.51877 
  8.997732426  253.28984 
  9.003537415  252.6286 
  9.009342404  253.33736 
  9.015147392  252.396 
  9.020952381  249.87827 
  9.026757370  250.14098 
  9.032562358  249.42676 
  9.038367347  249.26707 
  9.044172336  250.82976 
  9.049977324  252.31349 
  9.055782313  250.80705 
  9.061587302  250.31635 
  9.067392290  251.26161 
  9.073197279  251.16167 
  9.079002268  252.04697 
  9.084807256  253.80394 
  9.090612245  254.5738 
  9.096417234  255.42213 
  9.102222222  256.16745 
  9.131247166  263.53253 
  9.137052154  264.81033 
  9.142857143  264.1633 
  9.148662132  263.8127 
  9.154467120  261.75034 
  9.160272109  259.21783 
  9.166077098  257.157 
  9.171882086  255.76823 
  9.177687075  257.43845 
  9.183492063  256.56122 
  9.189297052  255.71234 
  9.195102041  255.19603 
  9.200907029  253.32341 
  9.206712018  253.2048 
  9.212517007  253.09882 
  9.218321995  252.84975 
  9.224126984  253.94281 
  9.229931973  253.50008 
  9.235736961  253.33083 
  9.241541950  252.10703 
  9.247346939  250.74213 
  9.253151927  249.7225 
  9.258956916  249.30269 
  9.264761905  249.15167 
  9.270566893  249.4918 
  9.276371882  249.42313 
  9.282176871  249.09032 
  9.287981859  249.12332 
  9.293786848  249.00546 
  9.299591837  249.5941 
  9.305396825  248.92503 
  9.311201814  249.41115 
  9.317006803  248.89612 
  9.322811791  248.52136 
  9.328616780  248.36182 
  9.334421769  246.2106 
  9.340226757  244.90965 
  9.346031746  245.07343 
  9.351836735  244.73402 
  9.357641723  244.29335 
  9.363446712  244.44968 
  9.369251701  244.70631 
  9.375056689  246.5747 
  10.112290249  299.22757 
  10.118095238  294.23874 
  10.123900227  293.49683 
  10.129705215  292.35544 
  10.135510204  291.82715 
  10.141315193  292.5089 
  10.147120181  293.23254 
  10.152925170  294.31842 
  10.158730159  295.35385 
  10.164535147  295.9845 
  10.170340136  296.39798 
  10.176145125  296.8905 
  10.181950113  297.18747 
  10.187755102  297.59937 
  10.193560091  297.56696 
  10.199365079  297.98068 
  10.205170068  298.69226 
  10.210975057  299.87366 
  10.216780045  303.02872 
  10.222585034  306.34848 
  10.228390023  308.71854 
  10.234195011  311.0063 
  10.240000000  314.13022 
  10.245804989  318.71967 
  10.251609977  322.47006 
  10.257414966  326.1231 
  10.263219955  328.89062 
  10.269024943  329.06506 
  10.274829932  328.8108 
  10.280634921  328.23618 
  10.286439909  327.2433 
  10.292244898  327.1848 
  10.298049887  328.01422 
  10.303854875  330.66055 
  10.309659864  334.28467 
  10.315464853  336.1208 
  10.321269841  337.0247 
  10.327074830  335.13434 
  10.332879819  333.5311 
  10.338684807  333.62088 
  10.344489796  333.11218 
  10.652154195  388.81537 
  10.657959184  383.62082 
  10.663764172  381.06726 
  10.669569161  379.99597 
  10.675374150  378.63358 
  10.681179138  377.3125 
  10.686984127  376.24896 
  10.692789116  374.8499 
  10.698594104  373.42297 
  10.704399093  372.83667 
  10.710204082  372.59164 
  10.716009070  372.83786 
  10.721814059  374.13297 
  10.727619048  375.95386 
  10.733424036  378.0986 
  10.739229025  379.83365 
  10.745034014  381.2521 
  10.750839002  382.80154 
  10.756643991  383.7719 
  10.762448980  385.375 
  10.768253968  386.4504 
  10.774058957  386.36182 
  10.779863946  386.4728 
  10.785668934  385.32272 
  10.791473923  384.273 
  10.797278912  383.38785 
  10.803083900  382.09048 
  10.808888889  380.99637 
  10.814693878  379.5436 
  10.820498866  377.90192 
  10.826303855  376.75104 
  10.832108844  375.4006 
  10.837913832  374.81995 
  10.843718821  375.1027 
  10.849523810  375.90195 
  10.855328798  376.4163 
  10.861133787  377.1304 
  10.866938776  378.2868 
  10.872743764  378.7624 
  10.878548753  379.66452 
  10.884353741  380.72385 
  10.890158730  381.32205 
  10.89596371