
  0.168344671  240.2644 
  0.174149660  240.69994 
  0.179954649  241.00479 
  0.185759637  241.21086 
  0.191564626  242.63095 
  0.197369615  244.35167 
  0.203174603  245.04356 
  0.208979592  246.07864 
  0.214784580  249.0961 
  0.220589569  259.4935 
  0.226394558  268.41068 
  0.232199546  275.42554 
  0.238004535  281.12436 
  0.243809524  281.5513 
  0.249614512  283.35568 
  0.255419501  286.0025 
  0.261224490  289.1847 
  0.267029478  293.4722 
  0.272834467  298.8375 
  0.278639456  305.36606 
  0.284444444  311.00635 
  0.290249433  316.66965 
  0.296054422  320.6336 
  0.301859410  324.06323 
  0.307664399  326.82587 
  0.313469388  330.14468 
  0.319274376  334.6127 
  0.325079365  339.14496 
  0.330884354  343.25922 
  0.336689342  346.86597 
  0.342494331  349.5608 
  0.348299320  351.1528 
  0.354104308  352.26392 
  0.359909297  353.1079 
  0.365714286  348.74622 
  0.510839002  346.4574 
  0.516643991  348.04028 
  0.522448980  352.99606 
  0.528253968  357.14734 
  0.534058957  361.93997 
  0.539863946  365.26917 
  0.545668934  367.0063 
  0.551473923  366.88614 
  0.557278912  365.4097 
  0.563083900  362.72766 
  0.568888889  359.01645 
  0.574693878  356.0941 
  0.580498866  351.1903 
  0.586303855  340.01276 
  0.592108844  322.59732 
  0.679183673  210.96614 
  0.684988662  211.8355 
  0.690793651  210.0369 
  0.696598639  208.5548 
  0.702403628  207.11539 
  0.708208617  204.94246 
  0.714013605  201.38263 
  0.719818594  196.67865 
  0.725623583  192.76952 
  0.731428571  190.04735 
  0.737233560  187.24112 
  0.743038549  184.36502 
  1.428027211  216.58093 
  1.433832200  218.24261 
  1.439637188  219.09723 
  1.445442177  220.51202 
  1.451247166  221.90588 
  1.457052154  223.96591 
  1.462857143  227.07646 
  1.468662132  230.38411 
  1.474467120  233.86533 
  1.480272109  236.86708 
  1.486077098  239.5072 
  1.491882086  241.04456 
  1.497687075  241.77486 
  1.503492063  241.55226 
  1.509297052  239.44092 
  1.515102041  236.31572 
  1.520907029  233.45769 
  1.526712018  231.14697 
  1.532517007  229.66951 
  1.538321995  228.86472 
  1.544126984  228.45137 
  1.549931973  228.8878 
  1.555736961  230.29556 
  1.561541950  231.54475 
  1.567346939  232.15625 
  1.573151927  232.44539 
  1.578956916  232.5255 
  1.584761905  233.0825 
  1.590566893  233.25804 
  1.596371882  233.18848 
  1.602176871  233.21513 
  1.607981859  231.33293 
  1.613786848  228.70113 
  1.619591837  225.86932 
  1.625396825  223.73636 
  1.631201814  222.77737 
  1.637006803  223.05894 
  1.642811791  223.57083 
  1.648616780  223.54648 
  1.654421769  223.37756 
  1.660226757  223.20259 
  1.666031746  223.98491 
  1.671836735  225.2071 
  1.677641723  226.45697 
  1.683446712  226.97784 
  1.689251701  227.32806 
  1.695056689  227.90773 
  1.700861678  228.85811 
  1.706666667  229.90085 
  1.712471655  231.55235 
  1.718276644  232.81068 
  1.724081633  234.67516 
  1.729886621  236.21375 
  1.735691610  238.72388 
  1.741496599  240.96437 
  1.747301587  242.41972 
  1.753106576  242.57748 
  1.758911565  241.65193 
  1.764716553  239.63011 
  1.770521542  237.10876 
  1.776326531  233.79611 
  1.782131519  231.52875 
  1.787936508  230.89256 
  1.793741497  231.5969 
  1.799546485  233.51248 
  1.805351474  235.84975 
  1.811156463  238.96362 
  1.816961451  242.3285 
  1.822766440  245.38574 
  1.828571429  247.62802 
  1.834376417  249.41763 
  1.840181406  250.24667 
  1.845986395  250.97896 
  1.851791383  250.35449 
  1.857596372  248.9631 
  1.863401361  246.49796 
  1.869206349  243.74536 
  1.875011338  241.04582 
  1.880816327  237.86908 
  1.886621315  234.86086 
  1.892426304  233.21925 
  1.898231293  232.97943 
  1.904036281  233.30307 
  1.909841270  234.67178 
  1.915646259  236.13689 
  1.921451247  237.96028 
  1.927256236  240.79079 
  1.933061224  243.61499 
  1.938866213  246.43661 
  1.944671202  249.38042 
  1.950476190  252.18718 
  1.956281179  254.30362 
  1.962086168  254.64131 
  1.967891156  252.6823 
  1.973696145  249.81787 
  1.979501134  244.94734 
  1.985306122  240.67674 
  1.991111111  235.98767 
  1.996916100  230.77922 
  2.002721088  225.96548 
  2.008526077  222.29366 
  2.014331066  219.44052 
  2.020136054  218.33032 
  2.025941043  219.00179 
  2.031746032  220.9673 
  2.037551020  224.40414 
  2.043356009  228.99179 
  2.049160998  233.22537 
  2.054965986  238.3736 
  2.060770975  242.33035 
  2.066575964  246.37909 
  2.072380952  249.10522 
  2.078185941  249.05713 
  2.083990930  248.47522 
  2.089795918  246.3945 
  2.095600907  243.88795 
  2.101405896  241.379 
  2.107210884  237.85413 
  2.113015873  234.4818 
  2.118820862  231.4661 
  2.124625850  229.06 
  2.130430839  227.14606 
  2.136235828  225.79907 
  2.142040816  225.22675 
  2.147845805  224.82335 
  2.153650794  225.10309 
  2.159455782  225.82796 
  2.165260771  226.80704 
  2.171065760  227.79066 
  2.176870748  229.22809 
  2.182675737  230.60449 
  2.188480726  231.61003 
  2.194285714  232.49931 
  2.200090703  232.50002 
  2.205895692  232.52853 
  2.211700680  232.0292 
  2.217505669  228.3173 
  2.223310658  223.46948 
  2.229115646  222.24149 
  2.234920635  226.80591 
  2.240725624  229.53023 
  2.246530612  230.1014 
  2.252335601  230.30101 
  2.258140590  229.917 
  2.321995465  235.53062 
  2.327800454  238.41754 
  2.333605442  244.8708 
  2.339410431  246.53058 
  2.345215420  247.16844 
  2.351020408  246.49652 
  2.356825397  244.11896 
  2.362630385  241.34955 
  2.368435374  239.02452 
  2.374240363  237.74817 
  2.380045351  237.45064 
  2.385850340  237.72028 
  2.391655329  239.23564 
  2.397460317  240.94835 
  2.403265306  243.8175 
  2.409070295  247.77975 
  2.414875283  255.8296 
  2.420680272  264.04968 
  2.426485261  270.5284 
  2.432290249  271.26025 
  2.438095238  273.40012 
  2.443900227  273.48907 
  2.449705215  267.2398 
  2.455510204  262.04675 
  2.461315193  252.63913 
  2.467120181  245.5251 
  2.472925170  238.79474 
  2.478730159  230.88739 
  2.484535147  221.63567 
  2.490340136  216.19765 
  2.496145125  214.05478 
  2.501950113  213.27853 
  2.507755102  214.48164 
  2.513560091  215.85742 
  2.519365079  217.54561 
  2.525170068  219.85971 
  2.530975057  221.87358 
  2.536780045  224.42638 
  2.542585034  226.9151 
  2.548390023  229.68132 
  2.554195011  232.70859 
  2.560000000  234.5683 
  2.565804989  235.30466 
  2.571609977  234.32979 
  2.577414966  231.72911 
  2.583219955  229.50021 
  2.589024943  226.74567 
  2.594829932  223.79248 
  2.600634921  221.3874 
  2.606439909  222.34148 
  2.612244898  220.36362 
  2.618049887  212.07434 
  2.623854875  203.5862 
  2.629659864  198.56592 
  2.635464853  188.91753 
  2.641269841  181.74487 
  2.647074830  177.60585 
  2.652879819  174.26302 
  2.658684807  170.66814 
  2.664489796  169.63669 
  2.670294785  169.47342 
  2.676099773  170.37161 
  2.681904762  171.90285 
  2.687709751  173.87373 
  2.693514739  176.87117 
  2.699319728  179.90186 
  2.705124717  183.30128 
  2.710929705  186.3929 
  2.716734694  188.98251 
  2.722539683  191.38109 
  2.728344671  193.23857 
  2.734149660  193.91116 
  2.739954649  193.15741 
  2.745759637  191.2316 
  2.751564626  188.90208 
  2.757369615  185.8011 
  2.763174603  182.22626 
  2.768979592  178.51779 
  2.774784580  175.59727 
  2.780589569  174.74434 
  2.786394558  175.24788 
  2.792199546  177.84068 
  2.798004535  180.60959 
  2.803809524  183.06229 
  2.809614512  185.07329 
  2.815419501  187.13951 
  2.821224490  189.60298 
  2.827029478  191.82536 
  2.832834467  193.08327 
  2.838639456  193.44583 
  2.844444444  193.6072 
  2.850249433  192.61026 
  2.856054422  190.41162 
  2.861859410  187.5646 
  2.867664399  184.71947 
  2.873469388  181.66519 
  2.879274376  179.29369 
  2.885079365  176.89346 
  2.890884354  173.78741 
  2.896689342  171.4 
  2.902494331  169.5019 
  2.908299320  168.88562 
  2.914104308  168.76225 
  2.919909297  168.81131 
  2.925714286  169.91257 
  2.931519274  171.17194 
  2.937324263  172.57825 
  2.943129252  174.23912 
  2.948934240  175.8749 
  2.954739229  177.6119 
  2.960544218  178.36852 
  2.966349206  178.80815 
  2.972154195  178.04976 
  2.977959184  176.82588 
  2.983764172  175.63394 
  2.989569161  173.88684 
  2.995374150  172.1491 
  3.001179138  169.77559 
  3.006984127  167.67395 
  3.012789116  166.42596 
  3.018594104  165.071 
  3.024399093  164.77342 
  3.030204082  165.60062 
  3.036009070  166.56926 
  3.041814059  167.17136 
  3.047619048  167.73688 
  3.053424036  168.26526 
  3.059229025  169.71545 
  3.065034014  175.0248 
  3.070839002  177.87451 
  3.076643991  180.93767 
  3.082448980  184.48102 
  3.088253968  188.32294 
  3.094058957  192.04883 
  3.099863946  195.34436 
  3.105668934  199.68156 
  3.111473923  204.42502 
  3.117278912  208.51436 
  3.123083900  211.57005 
  3.128888889  213.4544 
  3.134693878  215.08598 
  3.140498866  217.39667 
  3.146303855  220.27014 
  3.152108844  224.16383 
  3.157913832  227.62024 
  3.163718821  230.60457 
  3.169523810  233.01994 
  3.175328798  231.9902 
  3.181133787  230.61949 
  3.186938776  228.60721 
  3.192743764  226.2403 
  3.198548753  223.53874 
  3.204353741  221.55553 
  3.210158730  219.4949 
  3.215963719  217.61145 
  3.221768707  218.01355 
  3.227573696  218.33565 
  3.233378685  219.15527 
  3.239183673  220.25789 
  3.244988662  221.0095 
  3.250793651  222.37694 
  3.256598639  224.32439 
  3.262403628  226.48965 
  3.268208617  227.8584 
  3.274013605  228.10164 
  3.279818594  228.06413 
  3.285623583  228.09958 
  3.291428571  227.03853 
  3.297233560  225.95305 
  3.303038549  225.68199 
  3.308843537  225.83588 
  3.314648526  226.98032 
  3.320453515  228.39084 
  3.326258503  229.58829 
  3.332063492  231.02905 
  3.337868481  232.37831 
  3.343673469  233.34386 
  3.349478458  234.34427 
  3.355283447  234.94894 
  3.361088435  235.09685 
  3.366893424  235.14404 
  3.372698413  235.03787 
  3.378503401  234.89479 
  3.384308390  235.11142 
  3.390113379  235.5126 
  3.395918367  235.7373 
  3.401723356  235.91463 
  3.407528345  235.77797 
  3.413333333  235.44643 
  3.419138322  235.27855 
  3.424943311  235.447 
  3.430748299  235.48824 
  3.436553288  235.53142 
  3.442358277  235.46315 
  3.448163265  235.30112 
  3.453968254  235.49298 
  3.459773243  236.15572 
  3.465578231  236.78424 
  3.471383220  237.58647 
  3.477188209  237.67072 
  3.482993197  237.38358 
  3.488798186  237.32742 
  3.494603175  236.45824 
  3.500408163  238.50725 
  3.506213152  240.51344 
  3.512018141  239.89561 
  3.517823129  238.54256 
  3.523628118  236.86697 
  3.529433107  234.48798 
  3.535238095  231.11368 
  3.541043084  225.77603 
  3.546848073  222.26564 
  3.552653061  219.99335 
  3.558458050  218.08734 
  3.564263039  217.46492 
  3.570068027  216.38089 
  3.575873016  216.41624 
  3.581678005  217.54674 
  3.587482993  218.44952 
  3.593287982  219.6588 
  3.599092971  220.95638 
  3.604897959  222.2083 
  3.610702948  223.83095 
  3.616507937  226.14755 
  3.622312925  229.94574 
  3.628117914  234.29617 
  3.633922902  239.05229 
  3.639727891  241.92554 
  3.645532880  243.46895 
  3.651337868  243.63881 
  3.657142857  242.88036 
  3.662947846  241.1258 
  3.668752834  238.38153 
  3.674557823  235.36584 
  3.680362812  231.77357 
  3.686167800  227.76381 
  3.691972789  224.58144 
  3.697777778  222.5314 
  3.703582766  221.70818 
  3.709387755  221.62593 
  3.715192744  222.1334 
  3.720997732  223.42079 
  3.726802721  225.81265 
  3.732607710  229.3253 
  3.738412698  233.41267 
  3.744217687  236.77945 
  3.750022676  239.80478 
  3.755827664  241.56555 
  3.761632653  242.53062 
  3.767437642  242.62471 
  3.773242630  241.82423 
  3.779047619  240.2085 
  3.784852608  237.69608 
  3.790657596  234.62431 
  3.796462585  231.28224 
  3.802267574  227.1808 
  3.808072562  223.53148 
  3.813877551  220.4364 
  3.819682540  217.9807 
  3.825487528  216.37218 
  3.831292517  215.63535 
  3.837097506  215.4722 
  3.842902494  215.92593 
  3.848707483  217.6156 
  3.854512472  219.35562 
  3.860317460  221.44833 
  3.866122449  224.10756 
  3.871927438  228.56676 
  3.877732426  233.23036 
  3.883537415  237.57628 
  3.889342404  240.36806 
  3.895147392  241.81882 
  3.900952381  242.29494 
  3.906757370  242.18388 
  3.912562358  241.0581 
  3.918367347  238.87708 
  3.924172336  237.4021 
  3.929977324  236.8974 
  3.935782313  235.68141 
  3.941587302  231.59662 
  4.011247166  203.079 
  4.017052154  207.7479 
  4.022857143  211.85583 
  4.028662132  215.8153 
  4.034467120  217.70714 
  4.040272109  219.02577 
  4.046077098  220.05971 
  4.051882086  221.00078 
  4.057687075  221.98355 
  4.063492063  223.15434 
  4.069297052  224.42009 
  4.075102041  225.35622 
  4.080907029  224.93697 
  4.086712018  222.94562 
  4.092517007  219.10706 
  4.098321995  216.75067 
  4.104126984  214.82509 
  4.109931973  213.4949 
  4.115736961  212.73465 
  4.121541950  212.59538 
  4.127346939  213.73413 
  4.133151927  214.98073 
  4.138956916  217.65408 
  4.144761905  220.8302 
  4.150566893  224.265 
  4.156371882  229.25073 
  4.162176871  234.5947 
  4.167981859  241.25107 
  4.173786848  244.36247 
  4.179591837  246.73848 
  4.185396825  248.90088 
  4.191201814  248.9459 
  4.197006803  249.20258 
  4.202811791  247.82089 
  4.208616780  243.205 
  4.214421769  238.31041 
  4.220226757  233.29347 
  4.226031746  228.84863 
  4.231836735  225.05179 
  4.237641723  222.2253 
  4.243446712  220.92012 
  4.249251701  221.2996 
  4.255056689  222.8853 
  4.260861678  225.6383 
  4.266666667  230.19823 
  4.272471655  237.1184 
  4.278276644  243.41724 
  4.284081633  246.55867 
  4.289886621  248.99835 
  4.295691610  251.81049 
  4.301496599  251.83127 
  4.307301587  250.09091 
  4.313106576  247.47334 
  4.318911565  243.50441 
  4.324716553  240.35818 
  4.330521542  236.55553 
  4.336326531  232.39153 
  4.342131519  228.13142 
  4.347936508  224.91788 
  4.353741497  222.54396 
  4.359546485  221.35193 
  4.365351474  221.98508 
  4.371156463  224.05609 
  4.376961451  226.23912 
  4.382766440  228.45496 
  4.388571429  230.95515 
  4.394376417  232.8744 
  4.400181406  233.98929 
  4.405986395  234.54253 
  4.411791383  234.20056 
  4.417596372  233.83498 
  4.423401361  232.89221 
  4.429206349  231.0154 
  4.435011338  229.7548 
  4.440816327  227.17657 
  4.446621315  225.15767 
  4.452426304  224.91188 
  4.458231293  220.7689 
  4.464036281  215.66693 
  4.469841270  209.69467 
  4.475646259  206.20406 
  4.481451247  203.04228 
  4.487256236  194.65501 
  4.493061224  186.49355 
  4.498866213  181.93034 
  4.504671202  181.04198 
  4.510476190  170.27469 
  4.516281179  164.30043 
  4.522086168  162.48825 
  4.527891156  161.90625 
  4.533696145  163.10582 
  4.539501134  164.9124 
  4.545306122  167.60468 
  4.551111111  169.91292 
  4.556916100  171.74927 
  4.562721088  173.93036 
  4.568526077  176.15135 
  4.574331066  179.3307 
  4.580136054  183.66666 
  4.585941043  187.65631 
  4.591746032  191.18568 
  4.597551020  194.42087 
  4.603356009  196.76239 
  4.609160998  197.56485 
  4.614965986  196.60593 
  4.620770975  194.8413 
  4.626575964  190.94695 
  4.632380952  186.19093 
  4.638185941  181.19876 
  4.643990930  176.89641 
  4.649795918  174.4434 
  4.655600907  174.63239 
  4.661405896  176.9559 
  4.667210884  179.85188 
  4.673015873  182.47043 
  4.678820862  184.63231 
  4.684625850  186.76646 
  4.690430839  188.06183 
  4.696235828  188.79141 
  4.702040816  188.72282 
  4.707845805  187.57675 
  4.713650794  185.66353 
  4.719455782  183.98868 
  4.725260771  181.69942 
  4.731065760  179.35023 
  4.736870748  176.72261 
  4.742675737  173.88481 
  4.748480726  171.8 
  4.754285714  169.80716 
  4.760090703  167.94948 
  4.765895692  166.3821 
  4.771700680  165.3794 
  4.777505669  164.98094 
  4.783310658  165.2227 
  4.789115646  166.27824 
  4.794920635  167.82991 
  4.800725624  170.0647 
  4.806530612  172.44423 
  4.812335601  174.87274 
  4.818140590  177.70206 
  4.823945578  180.44737 
  4.829750567  182.6202 
  4.835555556  183.47675 
  4.841360544  183.07072 
  4.847165533  182.01874 
  4.852970522  180.00587 
  4.858775510  176.81526 
  4.881995465  150.51768 
  4.887800454  150.4768 
  4.893605442  153.37483 
  4.899410431  155.30795 
  4.905215420  157.27913 
  4.911020408  158.25577 
  4.916825397  159.99094 
  4.922630385  162.37839 
  4.928435374  173.30038 
  4.934240363  178.12206 
  4.940045351  179.58252 
  4.945850340  181.08623 
  4.951655329  179.96146 
  4.957460317  178.37302 
  4.963265306  178.1098 
  4.969070295  176.83578 
  4.974875283  176.73528 
  4.980680272  176.30595 
  4.986485261  175.76599 
  4.992290249  175.38812 
  4.998095238  175.01295 
  5.003900227  174.78598 
  5.009705215  174.61787 
  5.015510204  174.41008 
  5.021315193  174.43648 
  5.027120181  174.67986 
  5.032925170  175.70436 
  5.038730159  176.66312 
  5.044535147  177.43796 
  5.050340136  178.11043 
  5.056145125  178.58871 
  5.061950113  179.1919 
  5.067755102  179.41342 
  5.073560091  179.6525 
  5.079365079  179.29163 
  5.085170068  178.68253 
  5.090975057  177.65604 
  5.096780045  175.9005 
  5.102585034  173.90363 
  5.108390023  169.64578 
  5.114195011  168.28914 
  5.120000000  167.22002 
  5.125804989  165.41626 
  5.131609977  164.10278 
  5.137414966  161.84872 
  5.143219955  165.2525 
  5.149024943  165.44069 
  5.154829932  165.94905 
  5.160634921  166.79173 
  5.166439909  167.22704 
  5.172244898  166.97493 
  5.178049887  166.33498 
  5.183854875  165.04036 
  5.189659864  163.49112 
  5.195464853  161.91397 
  5.201269841  160.70934 
  5.207074830  159.85841 
  5.212879819  159.10887 
  5.218684807  159.13216 
  5.224489796  159.30699 
  5.230294785  159.45503 
  5.236099773  159.89114 
  5.241904762  159.67758 
  5.247709751  158.80417 
  5.253514739  157.57187 
  5.259319728  155.85236 
  5.265124717  154.19577 
  5.270929705  151.52243 
  5.369614512  184.08485 
  5.375419501  182.85886 
  5.381224490  181.8834 
  5.387029478  181.31119 
  5.392834467  179.8178 
  5.398639456  178.69835 
  5.404444444  177.67487 
  5.410249433  177.30968 
  5.416054422  177.10974 
  5.421859410  177.23927 
  5.427664399  177.73071 
  5.433469388  178.2652 
  5.439274376  178.8313 
  5.445079365  179.40439 
  5.450884354  180.04062 
  5.456689342  180.73468 
  5.462494331  181.35052 
  5.468299320  181.79697 
  5.474104308  181.73906 
  5.479909297  181.44795 
  5.485714286  180.7607 
  5.491519274  180.55356 
  5.497324263  180.78159 
  5.503129252  181.6736 
  5.508934240  183.78119 
  5.514739229  185.79187 
  5.520544218  187.94504 
  5.526349206  190.08887 
  5.532154195  191.98001 
  5.537959184  194.17996 
  5.543764172  196.06464 
  5.549569161  197.66685 
  5.555374150  199.476 
  5.561179138  200.90967 
  5.566984127  201.64304 
  5.572789116  201.98494 
  5.578594104  202.18718 
  5.584399093  201.83044 
  5.590204082  200.96788 
  5.596009070  200.01389 
  5.601814059  198.25536 
  5.607619048  195.5897 
  5.613424036  191.95506 
  5.619229025  187.1984 
  5.625034014  188.23332 
  5.630839002  187.59012 
  5.636643991  184.69691 
  5.642448980  183.43385 
  5.648253968  183.87491 
  5.654058957  185.03893 
  5.659863946  187.9397 
  5.665668934  188.85704 
  5.671473923  188.51389 
  5.677278912  188.06798 
  5.683083900  186.24745 
  5.688888889  184.45894 
  5.694693878  182.22954 
  5.700498866  179.7201 
  5.706303855  176.42816 
  5.712108844  172.48203 
  5.717913832  169.02354 
  5.723718821  162.09375 
  5.729523810  156.11891 
  5.735328798  153.7772 
  5.741133787  153.32605 
  5.746938776  154.18086 
  5.752743764  156.76604 
  5.758548753  159.79773 
  5.764353741  164.83081 
  5.770158730  174.34157 
  5.775963719  181.01546 
  5.781768707  185.6775 
  5.787573696  189.78635 
  5.793378685  192.52737 
  5.799183673  194.65738 
  5.804988662  196.20381 
  5.810793651  196.47705 
  5.816598639  196.1897 
  5.822403628  195.10672 
  5.828208617  193.28499 
  5.834013605  191.09528 
  5.839818594  189.07811 
  5.845623583  187.00679 
  5.851428571  184.60164 
  5.857233560  182.82779 
  5.863038549  181.05356 
  5.868843537  179.65465 
  5.874648526  178.78456 
  5.880453515  177.74971 
  5.886258503  176.97107 
  5.892063492  176.18414 
  5.897868481  175.21873 
  5.903673469  173.60966 
  5.909478458  170.9339 
  6.013968254  222.86807 
  6.019773243  226.84157 
  6.025578231  229.87671 
  6.031383220  232.15852 
  6.037188209  233.53847 
  6.042993197  233.61873 
  6.048798186  232.71762 
  6.054603175  230.92653 
  6.060408163  228.83191 
  6.066213152  226.38168 
  6.072018141  224.27492 
  6.077823129  223.27118 
  6.083628118  222.68684 
  6.089433107  221.75452 
  6.095238095  220.9522 
  6.101043084  219.6045 
  6.106848073  218.89693 
  6.112653061  218.64963 
  6.118458050  218.83261 
  6.124263039  218.70479 
  6.130068027  217.96284 
  6.135873016  217.54254 
  6.141678005  215.16716 
  6.147482993  212.48155 
  6.153287982  205.84554 
  6.159092971  200.04219 
  6.164897959  196.38045 
  6.170702948  195.00032 
  6.176507937  194.56242 
  6.182312925  192.26282 
  6.188117914  189.74457 
  6.193922902  187.69685 
  6.199727891  184.87184 
  6.205532880  182.56308 
  6.211337868  180.5291 
  6.217142857  178.61205 
  6.222947846  177.36647 
  6.228752834  177.12552 
  6.234557823  177.94836 
  6.240362812  179.33818 
  6.246167800  181.36105 
  6.251972789  183.43977 
  6.257777778  185.28937 
  6.263582766  187.15337 
  6.269387755  188.82469 
  6.275192744  190.46254 
  6.280997732  191.21436 
  6.286802721  191.01653 
  6.292607710  190.86102 
  6.298412698  189.94185 
  6.304217687  188.68558 
  6.310022676  187.45401 
  6.315827664  186.3281 
  6.321632653  185.42497 
  6.327437642  185.2469 
  6.333242630  184.74074 
  6.339047619  183.49661 
  6.344852608  182.25565 
  6.350657596  180.741 
  6.356462585  180.06104 
  6.362267574  179.81943 
  6.368072562  179.76447 
  6.373877551  179.29683 
  6.379682540  178.43265 
  6.385487528  178.10669 
  6.391292517  177.26123 
  6.397097506  177.19681 
  6.402902494  177.62447 
  6.408707483  177.7986 
  6.414512472  178.4971 
  6.420317460  178.61382 
  6.426122449  178.54129 
  6.431927438  178.21182 
  6.437732426  177.62486 
  6.443537415  176.89053 
  6.449342404  175.85634 
  6.455147392  173.50795 
  6.617687075  149.40706 
  6.623492063  149.28564 
  6.629297052  148.90897 
  6.635102041  148.94238 
  6.640907029  148.65038 
  6.646712018  148.73901 
  6.652517007  149.30794 
  6.658321995  150.42397 
  6.664126984  152.29402 
  6.669931973  154.32347 
  6.675736961  155.45969 
  6.681541950  156.44267 
  6.687346939  157.18355 
  6.693151927  157.819 
  6.698956916  158.50175 
  6.704761905  159.10974 
  6.710566893  159.73236 
  6.716371882  160.41566 
  6.722176871  160.65756 
  6.727981859  160.88815 
  6.733786848  161.44029 
  6.739591837  161.67998 
  6.745396825  162.25323 
  6.751201814  162.71162 
  6.757006803  162.06395 
  6.762811791  160.98082 
  6.768616780  157.67017 
  6.774421769  153.51495 
  6.780226757  154.06258 
  6.873106576  184.33444 
  6.878911565  187.63397 
  6.884716553  188.51389 
  6.890521542  188.99884 
  6.896326531  189.22847 
  6.902131519  189.14468 
  6.907936508  188.88954 
  6.913741497  188.24142 
  6.919546485  187.70224 
  6.925351474  186.48077 
  6.931156463  185.09111 
  6.936961451  183.71706 
  6.942766440  182.18011 
  6.948571429  181.21994 
  6.954376417  180.484 
  6.960181406  180.31725 
  6.965986395  180.69101 
  6.971791383  181.72891 
  6.977596372  183.1473 
  6.983401361  184.55093 
  6.989206349  185.93909 
  6.995011338  187.47684 
  7.000816327  188.73996 
  7.006621315  189.30734 
  7.012426304  189.33168 
  7.018231293  188.32385 
  7.024036281  187.1609 
  7.029841270  185.83244 
  7.035646259  183.5689 
  7.041451247  181.15817 
  7.047256236  179.04109 
  7.053061224  176.98282 
  7.058866213  175.47739 
  7.064671202  174.41505 
  7.070476190  173.66652 
  7.076281179  174.08029 
  7.082086168  174.15463 
  7.087891156  172.03061 
  7.093696145  171.76056 
  7.099501134  170.7845 
  7.105306122  169.92857 
  7.111111111  172.97032 
  7.116916100  173.94968 
  7.122721088  177.52515 
  7.128526077  181.45163 
  7.134331066  185.8832 
  7.140136054  192.70898 
  7.145941043  198.41216 
  7.151746032  203.6829 
  7.157551020  207.35522 
  7.163356009  209.83025 
  7.169160998  212.54884 
  7.174965986  214.75041 
  7.180770975  216.76498 
  7.186575964  218.47598 
  7.192380952  220.58011 
  7.198185941  225.3719 
  7.203990930  228.92592 
  7.209795918  226.40959 
  7.215600907  222.64294 
  7.221405896  220.02052 
  7.227210884  217.40451 
  7.233015873  214.68108 
  7.238820862  212.09886 
  7.244625850  211.23637 
  7.250430839  210.26677 
  7.256235828  211.05215 
  7.262040816  212.94093 
  7.267845805  215.17787 
  7.273650794  218.06197 
  7.279455782  222.08162 
  7.285260771  227.48863 
  7.291065760  233.55075 
  7.296870748  239.27238 
  7.302675737  243.19424 
  7.308480726  245.70909 
  7.314285714  246.8602 
  7.320090703  247.22923 
  7.325895692  246.38684 
  7.331700680  244.85555 
  7.337505669  241.7282 
  7.343310658  238.9233 
  7.349115646  236.55211 
  7.354920635  234.50099 
  7.360725624  232.66898 
  7.366530612  231.29727 
  7.372335601  230.35129 
  7.378140590  229.92572 
  7.383945578  229.94635 
  7.389750567  231.26634 
  7.395555556  233.15012 
  7.401360544  235.78004 
  7.407165533  238.68494 
  7.412970522  240.79971 
  7.418775510  241.23622 
  7.424580499  240.83951 
  7.430385488  239.74368 
  7.436190476  238.63153 
  7.441995465  237.42323 
  7.447800454  235.76514 
  7.453605442  233.73186 
  7.459410431  231.39714 
  7.465215420  228.0735 
  7.471020408  224.30093 
  7.476825397  221.77936 
  7.482630385  220.53299 
  7.488435374  221.35628 
  7.494240363  223.67702 
  7.500045351  226.40135 
  7.505850340  231.11382 
  7.511655329  236.02937 
  7.517460317  240.58025 
  7.523265306  243.7871 
  7.529070295  247.16223 
  7.534875283  249.83922 
  7.540680272  251.54758 
  7.546485261  251.82915 
  7.552290249  251.51398 
  7.558095238  249.30835 
  7.563900227  247.05577 
  7.569705215  243.90475 
  7.575510204  240.64049 
  7.581315193  236.8739 
  7.587120181  233.76088 
  7.592925170  225.83543 
  7.598730159  217.39374 
  7.604535147  210.77963 
  7.610340136  207.78252 
  7.616145125  202.26929 
  7.621950113  199.64183 
  7.627755102  198.36836 
  7.633560091  198.55135 
  7.639365079  199.67162 
  7.645170068  200.56898 
  7.650975057  201.71379 
  7.656780045  202.83292 
  7.662585034  204.45003 
  7.668390023  205.64537 
  7.674195011  207.23279 
  7.680000000  208.5236 
  7.685804989  209.48123 
  7.691609977  210.31276 
  7.697414966  210.58008 
  7.703219955  210.69374 
  7.709024943  209.90056 
  7.714829932  207.97893 
  7.720634921  205.72612 
  7.726439909  203.76953 
  7.732244898  202.10233 
  7.738049887  200.41714 
  7.743854875  198.53613 
  7.749659864  196.70087 
  7.755464853  194.11633 
  7.761269841  191.20155 
  7.767074830  189.79414 
  7.772879819  188.59354 
  7.778684807  187.4561 
  7.784489796  186.072 
  7.790294785  183.22609 
  7.796099773  180.71527 
  7.801904762  179.41571 
  7.807709751  178.82805 
  7.813514739  178.18262 
  7.819319728  177.99567 
  7.825124717  177.71446 
  7.830929705  178.85391 
  7.836734694  179.4306 
  7.842539683  180.06691 
  7.848344671  180.09314 
  7.854149660  180.13066 
  7.859954649  179.8681 
  7.865759637  179.24663 
  7.871564626  178.43945 
  7.877369615  177.57947 
  7.883174603  176.94727 
  7.888979592  176.33423 
  7.894784580  176.13045 
  7.900589569  176.2845 
  7.906394558  177.11957 
  7.912199546  178.30818 
  7.918004535  180.16925 
  7.923809524  183.19447 
  7.929614512  186.45079 
  7.935419501  190.78871 
  7.941224490  195.20665 
  7.947029478  199.02092 
  7.952834467  202.3478 
  7.958639456  205.23424 
  7.964444444  207.38016 
  7.970249433  207.97668 
  7.976054422  206.5008 
  7.981859410  203.62123 
  7.987664399  199.17282 
  7.993469388  194.93019 
  7.999274376  188.93245 
  8.005079365  181.11903 
  8.010884354  175.85953 
  8.016689342  172.0734 
  8.022494331  169.66234 
  8.028299320  168.83304 
  8.034104308  168.80292 
  8.039909297  169.4289 
  8.045714286  170.60143 
  8.051519274  171.67308 
  8.057324263  173.20178 
  8.063129252  174.58032 
  8.068934240  176.09862 
  8.074739229  177.96773 
  8.080544218  178.61787 
  8.086349206  179.50421 
  8.092154195  179.62692 
  8.097959184  180.31763 
  8.103764172  180.80957 
  8.109569161  180.92886 
  8.115374150  181.11739 
  8.121179138  180.58481 
  8.126984127  179.66638 
  8.132789116  178.37796 
  8.138594104  176.80614 
  8.144399093  175.31114 
  8.150204082  172.03323 
  8.156009070  170.25482 
  8.161814059  168.5561 
  8.167619048  163.76198 
  8.173424036  157.9917 
  8.179229025  156.36555 
  8.185034014  152.20459 
  8.190839002  149.44977 
  8.196643991  146.95209 
  8.202448980  143.83513 
  8.208253968  142.89575 
  8.214058957  142.61227 
  8.219863946  142.41518 
  8.225668934  142.48196 
  8.231473923  142.58267 
  8.237278912  142.68082 
  8.243083900  142.82936 
  8.248888889  143.57285 
  8.254693878  144.68973 
  8.260498866  146.22217 
  8.266303855  148.05626 
  8.272108844  150.07138 
  8.277913832  152.57353 
  8.283718821  154.75543 
  8.289523810  155.85263 
  8.295328798  156.37834 
  8.301133787  157.13374 
  8.306938776  158.43907 
  8.312743764  159.83414 
  8.318548753  161.1579 
  8.324353741  162.07932 
  8.330158730  161.83946 
  8.335963719  162.08415 
  8.341768707  161.671 
  8.347573696  160.82224 
  8.353378685  160.03384 
  8.359183673  159.06915 
  8.364988662  158.64262 
  8.370793651  158.43369 
  8.376598639  158.31566 
  8.382403628  158.75948 
  8.388208617  159.01596 
  8.394013605  159.61296 
  8.399818594  160.02733 
  8.405623583  160.4325 
  8.411428571  160.6276 
  8.417233560  160.64792 
  8.423038549  160.80391 
  8.428843537  160.5092 
  8.434648526  160.40776 
  8.440453515  159.68987 
  8.446258503  158.83232 
  8.452063492  157.51328 
  8.457868481  156.21814 
  8.463673469  154.49173 
  8.469478458  152.57866 
  8.475283447  151.02002 
  8.481088435  149.71468 
  8.486893424  149.21054 
  8.492698413  149.22383 
  8.498503401  150.12723 
  8.504308390  151.58305 
  8.510113379  153.47809 
  8.515918367  155.0136 
  8.521723356  156.33142 
  8.527528345  157.49007 
  8.533333333  158.80418 
  8.539138322  160.29707 
  8.544943311  161.3124 
  8.550748299  162.06683 
  8.556553288  162.26845 
  8.562358277  162.41733 
  8.568163265  162.53378 
  8.573968254  162.33174 
  8.579773243  161.63991 
  8.585578231  160.99442 
  8.591383220  159.65965 
  8.597188209  158.33208 
  8.602993197  156.91466 
  8.608798186  155.27142 
  8.614603175  154.14076 
  8.620408163  152.60918 
  8.626213152  151.31425 
  8.632018141  150.53563 
  8.637823129  150.14977 
  8.643628118  150.20695 
  8.649433107  149.93811 
  8.655238095  149.64287 
  8.661043084  149.35248 
  8.666848073  148.04987 
  8.771337868  162.34201 
  8.777142857  162.18372 
  8.782947846  163.0061 
  8.788752834  162.55 
  8.794557823  162.66708 
  8.800362812  162.48097 
  8.806167800  162.17636 
  8.811972789  161.91637 
  8.817777778  161.5996 
  8.823582766  161.5475 
  8.829387755  161.57224 
  8.835192744  161.71681 
  8.840997732  161.80562 
  8.846802721  161.6874 
  8.852607710  161.7206 
  8.858412698  161.49248 
  8.864217687  161.31221 
  8.870022676  161.24078 
  8.875827664  160.86618 
  8.881632653  160.4849 
  8.887437642  160.09818 
  8.962902494  177.92502 
  8.968707483  179.44435 
  8.974512472  179.30083 
  8.980317460  179.93456 
  8.986122449  180.6686 
  8.991927438  181.22205 
  8.997732426  181.79794 
  9.003537415  182.1158 
  9.009342404  182.31581 
  9.015147392  182.03389 
  9.020952381  182.22266 
  9.026757370  182.06061 
  9.032562358  182.26457 
  9.038367347  182.73643 
  9.044172336  182.67004 
  9.049977324  183.0127 
  9.055782313  183.0924 
  9.061587302  183.07175 
  9.067392290  183.41219 
  9.073197279  183.66165 
  9.079002268  184.15146 
  9.084807256  184.51096 
  9.090612245  185.19147 
  9.096417234  185.95694 
  9.102222222  186.91658 
  9.108027211  187.9795 
  9.113832200  188.80348 
  9.119637188  189.43816 
  9.125442177  189.955 
  9.131247166  190.70258 
  9.137052154  192.23715 
  9.142857143  194.21317 
  9.148662132  196.53304 
  9.154467120  198.31717 
  9.160272109  199.77814 
  9.166077098  201.21588 
  9.171882086  202.63797 
  9.177687075  202.93504 
  9.183492063  202.89438 
  9.189297052  202.23732 
  9.195102041  200.70598 
  9.200907029  199.15665 
  9.206712018  192.11736 
  9.212517007  187.48178 
  9.218321995  188.81465 
  9.224126984  184.2774 
  9.229931973  183.4633 
  9.235736961  184.09282 
  9.241541950  185.17267 
  9.247346939  181.7624 
  9.253151927  182.57953 
  9.258956916  183.26123 
  9.264761905  185.51047 
  9.270566893  187.73668 
  9.276371882  187.641 
  9.282176871  186.67067 
  9.287981859  185.39417 
  9.293786848  182.57616 
  9.299591837  179.15549 
  9.305396825  176.4203 
  9.311201814  173.98602 
  9.317006803  172.1793 
  9.322811791  169.75096 
  9.328616780  167.15274 
  9.334421769  164.4293 
  9.340226757  163.34479 
  9.346031746  162.14871 
  9.351836735  162.77547 
  9.357641723  164.61063 
  9.363446712  167.243 
  9.369251701  170.93686 
  9.375056689  175.06584 
  9.380861678  178.92694 
  9.386666667  181.73064 
  9.392471655  183.99329 
  9.398276644  186.53726 
  9.404081633  188.16495 
  9.409886621  189.02226 
  9.415691610  189.69102 
  9.421496599  189.64937 
  9.427301587  189.02298 
  9.433106576  188.38577 
  9.438911565  187.50438 
  9.444716553  186.54704 
  9.450521542  185.5917 
  9.456326531  184.7681 
  9.462131519  184.17989 
  9.467936508  183.5684 
  9.473741497  183.09358 
  9.479546485  182.54663 
  9.485351474  181.72656 
  9.491156463  180.61078 
  9.496961451  179.06241 
  9.502766440  175.84508 
  9.613061224  229.7279 
  9.618866213  232.21817 
  9.624671202  232.64977 
  9.630476190  233.43884 
  9.636281179  233.66556 
  9.642086168  233.59926 
  9.647891156  233.46481 
  9.653696145  233.15799 
  9.659501134  232.80067 
  9.665306122  232.4539 
  9.671111111  232.1291 
  9.676916100  231.56648 
  9.682721088  231.52016 
  9.688526077  231.37843 
  9.694331066  231.48848 
  9.700136054  232.017 
  9.705941043  232.04073 
  9.711746032  231.37297 
  9.717551020  229.63466 
  9.723356009  225.99658 
  9.729160998  223.28526 
  9.734965986  220.09282 
  9.740770975  217.51945 
  9.746575964  217.13145 
  9.752380952  210.59706 
  9.758185941  207.68646 
  9.763990930  205.14189 
  9.769795918  200.1628 
  9.775600907  196.47398 
  9.781405896  192.39159 
  9.787210884  188.66002 
  9.793015873  187.28091 
  9.798820862  186.77248 
  9.804625850  186.2829 
  9.810430839  186.478 
  9.816235828  186.79349 
  9.822040816  187.26234 
  9.827845805  188.37285 
  9.833650794  189.69792 
  9.839455782  191.29654 
  9.845260771  192.96104 
  9.851065760  194.05542 
  9.856870748  194.41167 
  9.862675737  194.29091 
  9.868480726  194.06174 
  9.874285714  193.34924 
  9.880090703  192.02626 
  9.885895692  191.0397 
  9.891700680  189.72623 
  9.897505669  189.09538 
  9.903310658  189.08847 
  9.909115646  188.50102 
  9.914920635  187.43243 
  9.920725624  186.1382 
  9.926530612  183.97662 
  9.932335601  182.25256 
  9.938140590  181.61108 
  9.943945578  181.06668 
  9.949750567  181.07036 
  9.955555556  180.97272 
  9.961360544  180.78532 
  9.967165533  180.81798 
  9.972970522  181.03949 
  9.978775510  181.50185 
  9.984580499  181.80249 
  9.990385488  182.0139 
  9.996190476  182.00407 
  10.001995465  182.20413 
  10.007800454  182.72101 
  10.013605442  183.2714 
  10.019410431  183.2937 
  10.025215420  182.80682 
  10.031020408  181.86807 
  10.036825397  180.53009 
  10.042630385  178.52802 
  10.210975057  147.38269 
  10.216780045  149.42424 
  10.222585034  149.58958 
  10.228390023  150.5484 
  10.234195011  151.40297 
  10.240000000  151.77086 
  10.245804989  152.60565 
  10.251609977  153.41956 
  10.257414966  154.68097 
  10.263219955  156.28871 
  10.269024943  157.922 
  10.274829932  159.52654 
  10.280634921  160.5379 
  10.286439909  161.0991 
  10.292244898  161.55687 
  10.298049887  161.82845 
  10.303854875  162.47537 
  10.309659864  163.05894 
  10.315464853  163.67085 
  10.321269841  164.402 
  10.327074830  164.59264 
  10.332879819  164.80956 
  10.338684807  164.62218 
  10.344489796  163.57248 
  10.350294785  162.1776 
  10.356099773  159.58678 
  10.454784580  174.64299 
  10.460589569  177.93661 
  10.466394558  178.91705 
  10.472199546  179.4618 
  10.478004535  180.04837 
  10.483809524  180.10806 
  10.489614512  179.9107 
  10.495419501  179.53455 
  10.501224490  178.8223 
  10.507029478  177.82483 
  10.512834467  177.10089 
  10.518639456  175.97668 
  10.524444444  174.86276 
  10.530249433  174.17859 
  10.536054422  173.6056 
  10.541859410  173.59186 
  10.547664399  174.66121 
  10.553469388  175.6941 
  10.559274376  176.82877 
  10.565079365  178.3934 
  10.570884354  179.56857 
  10.576689342  181.13849 
  10.582494331  182.1601 
  10.588299320  182.55696 
  10.594104308  183.40712 
  10.675374150  169.23282 
  10.681179138  167.89613 
  10.686984127  168.28383 
  10.692789116  168.4104 
  10.698594104  169.5614 
  10.704399093  173.12556 
  10.710204082  180.62245 
  10.716009070  186.05907 
  10.721814059  190.82051 
  10.727619048  194.48041 
  10.733424036  199.94133 
  10.739229025  204.61705 
  10.745034014  209.55473 
  10.750839002  216.13684 
  10.756643991  224.07628 
  10.762448980  232.24641 
  10.768253968  240.2646 
  10.774058957  245.16568 
  10.779863946  248.87987 
  10.785668934  251.38795 
  10.791473923  252.89378 
  10.797278912  253.27258 
  10.803083900  253.16284 
  10.808888889  250.97456 
  10.814693878  248.69402 
  10.820498866  243.97508 
  10.826303855  240.51167 
  10.832108844  237.17305 
  10.837913832  233.16449 
  10.843718821  231.36046 
  10.849523810  230.10461 
  10.855328798  229.6562 
  10.861133787  230.60025 
  10.866938776  232.4332 
  10.872743764  236.23767 
  10.878548753  240.04628 
  10.884353741  243.42018 
  10.890158730  245.695 
  10.895963719  247.64006 
  10.901768707  249.07033 
  10.907573696  249.77606 
  10.913378685  247.73947 
  10.919183673  244.96712 
  10.924988662  242.42336 
  10.930793651  239.8554 
  10.936598639  237.59457 
  10.942403628  235.00235 
  10.948208617  232.6119 
  10.954013605  230.30724 
  10.959818594  227.07953 
  10.965623583  223.73958 
  10.971428571  221.84755 
  10.977233560  220.51894 
  10.983038549  219.65663 
  10.988843537  219.99174 
  10.994648526  220.9214 
  11.000453515  223.18596 
  11.006258503  226.44954 
  11.012063492  229.4187 
  11.017868481  232.83029 
  11.023673469  236.12912 
  11.029478458  238.24495 
  11.035283447  239.27248 
  11.041088435  242.07059 
  11.046893424  241.62709 
  11.052698413  240.43826 
  11.058503401  242.59547 
  11.064308390  240.14706 
  11.070113379  237.67937 
  11.075918367  238.17245 
  11.081723356  237.05536 
  11.087528345  235.81285 
  11.093333333  236.38347 
  11.099138322  235.7718 
  11.104943311  234.97711 
  11.110748299  234.17827 
  11.116553288  232.45267 
  11.122358277  230.72322 
  11.128163265  228.42107 
  11.133968254  225.3987 
  11.139773243  223.49031 
  11.145578231  219.83221 
  11.151383220  215.67001 
  11.157188209  219.2088 
  11.162993197  219.5721 
  11.168798186  216.87566 
  11.174603175  216.40942 
  11.180408163  214.28362 
  11.186213152  211.9772 
  11.192018141  208.36499 
  11.197823129  205.41174 
  11.203628118  202.73177 
  11.209433107  201.08713 
  11.215238095  197.5581 
  11.221043084  192.68973 
  11.226848073  190.87578 
  11.232653061  189.77176 
  11.238458050  189.08438 
  11.244263039  189.61008 
  11.250068027  190.1392 
  11.255873016  190.64766 
  11.261678005  190.8428 
  11.267482993  191.02946 
  11.273287982  190.82999 
  11.279092971  190.02165 
  11.284897959  189.65562 
  11.290702948  188.74815 
  11.296507937  187.82843 
  11.302312925  187.29968 
  11.308117914  186.6644 
  11.313922902  186.19528 
  11.319727891  185.96553 
  11.325532880  185.41754 
  11.331337868  184.96165 
  11.337142857  184.2186 
  11.342947846  183.45471 
  11.348752834  182.74727 
  11.354557823  181.58846 
  11.360362812  181.27669 
  11.366167800  181.21567 
  11.371972789  180.9339 
  11.377777778  180.62837 
  11.383582766  179.96593 
  11.389387755  179.60587 
  11.395192744  179.63632 
  11.400997732  177.99825 
  11.406802721  176.89734 
  11.412607710  175.94571 
  11.418412698  175.17654 
  11.424217687  174.88681 
  11.430022676  174.91501 
  11.435827664  175.18938 
  11.441632653  175.88855 
  11.447437642  177.55434 
  11.453242630  179.49232 
  11.459047619  182.21928 
  11.464852608  185.48251 
  11.470657596  190.7403 
  11.476462585  196.2907 
  11.482267574  200.38965 
  11.488072562  203.75566 
  11.493877551  206.37534 
  11.499682540  208.88266 
  11.505487528  209.80768 
  11.511292517  209.7629 
  11.517097506  207.83551 
  11.522902494  205.12048 
  11.528707483  201.75146 
  11.534512472  197.78477 
  11.540317460  192.86581 
  11.546122449  188.5034 
  11.551927438  185.89182 
  11.557732426  182.91927 
  11.563537415  180.55988 
  11.569342404  179.34515 
  11.575147392  178.88191 
  11.580952381  179.38435 
  11.586757370  179.60468 
  11.592562358  179.45178 
  11.598367347  179.81972 
  11.604172336  180.09851 
  11.609977324  180.62747 
  11.615782313  181.5895 
  11.621587302  181.79137 
  11.627392290  181.64017 
  11.633197279  181.745 
  11.639002268  181.59268 
  11.644807256  181.08435 
  11.650612245  180.65762 
  11.656417234  180.07697 
  11.662222222  179.50891 
  11.668027211  178.60579 
  11.673832200  177.53308 
  11.679637188  176.2089 
  11.685442177  174.0785 
  11.691247166  172.777 
  11.697052154  170.0068 
  11.702857143  169.62688 
  11.708662132  167.90257 
  11.714467120  167.30037 
  11.720272109  165.16176 
  11.726077098  162.0953 
  11.731882086  159.95412 
  11.737687075  157.59782 
  11.743492063  155.36977 
  11.749297052  152.55318 
  11.755102041  150.20488 
  11.760907029  148.88507 
  11.766712018  148.27824 
  11.772517007  148.09267 
  11.778321995  148.05792 
  11.784126984  147.89713 
  11.789931973  147.78609 
  11.795736961  147.77612 
  11.801541950  147.71053 
  11.807346939  148.18721 
  11.813151927  149.24887 
  11.818956916  150.30554 
  11.824761905  151.93004 
  11.830566893  153.87128 
  11.836371882  155.24307 
  11.842176871  157.04059 
  11.847981859  158.37445 
  11.853786848  159.93796 
  11.859591837  161.0896 
  11.865396825  162.20764 
  11.871201814  163.34366 
  11.877006803  163.53252 
  11.882811791  163.69939 
  11.888616780  163.2644 
  11.894421769  161.997 
  11.900226757  160.76347 
  11.906031746  159.3936 
  11.911836735  158.40118 
  11.917641723  157.57692 
  11.923446712  156.94348 
  11.929251701  155.9021 
  11.935056689  155.32513 
  11.940861678  154.97264 
  11.946666667  154.86183 
  11.952471655  155.41748 
  11.958276644  155.85919 
  11.964081633  156.95393 
  11.969886621  157.95547 
  11.975691610  158.95967 
  13.125079365  200.32654 
  13.130884354  205.8787 
  13.136689342  210.13918 
  13.142494331  214.5641 
  13.148299320  218.95578 
  13.154104308  223.07985 
  13.159909297  227.64296 
  13.165714286  233.47243 
  13.171519274  238.3536 
  13.177324263  241.64833 
  13.183129252  244.22678 
  13.188934240  246.46129 
  13.194739229  247.93712 
  13.200544218  249.434 
  13.206349206  250.25935 
  13.212154195  250.84595 
  13.217959184  251.72902 
  13.223764172  252.1387 
  13.229569161  253.16722 
  13.235374150  253.53531 
  13.241179138  253.06395 
  13.246984127  251.98799 
  13.252789116  250.01033 
  13.258594104  247.67279 
  13.264399093  244.72224 
  13.270204082  241.9163 
  13.276009070  238.2242 
  13.281814059  234.90828 
  13.287619048  230.99644 
  13.293424036  223.44762 
  13.334058957  210.80542 
  13.339863946  218.58174 
  13.345668934  225.14992 
  13.351473923  229.45392 
  13.357278912  232.73375 
  13.363083900  235.66808 
  13.368888889  238.55962 
  13.374693878  240.06815 
  13.380498866  240.35965 
  13.386303855  240.04005 
  13.392108844  239.48753 
  13.397913832  237.75748 
  13.403718821  236.0647 
  13.409523810  234.98999 
  13.415328798  233.4219 
  13.421133787  231.50197 
  13.426938776  230.30524 
  13.432743764  228.72903 
  13.438548753  228.13525 
  13.444353741  229.20308 
  13.450158730  229.66917 
  13.455963719  230.83206 
  13.461768707  232.0309 
  13.467573696  233.15604 
  13.473378685  234.2744 
  13.479183673  235.78336 
  13.484988662  237.05501 
  13.490793651  238.20444 
  13.496598639  239.0866 
  13.502403628  239.71257 
  13.508208617  240.30412 
  13.514013605  240.74883 
  13.519818594  240.61673 
  13.525623583  239.68097 
  13.531428571  238.41595 
  13.537233560  236.8036 
  13.543038549  236.07993 
  13.548843537  235.58775 
  13.554648526  235.10297 
  13.560453515  234.7608 
  13.566258503  234.38547 
  13.572063492  233.94695 
  13.577868481  233.76866 
  13.583673469  234.10007 
  13.589478458  234.63037 
  13.595283447  235.46654 
  13.601088435  236.94336 
  13.606893424  238.27484 
  13.612698413  239.9549 
  13.618503401  242.21803 
  13.624308390  244.18462 
  13.630113379  246.2106 
  13.635918367  247.43175 
  13.641723356  248.64494 
  13.647528345  248.75864 
  13.653333333  248.55035 
  13.659138322  247.01335 
  13.664943311  245.21104 
  13.670748299  242.59137 
  13.676553288  239.95242 
  13.682358277  236.75047 
  13.688163265  233.20499 
  13.693968254  229.88246 
  13.699773243  228.323 
  13.705578231  228.20464 
  13.711383220  228.8864 
  13.717188209  230.61415 
  13.722993197  233.12012 
  13.728798186  235.40024 
  13.734603175  237.33353 
  13.740408163  238.60007 
  13.746213152  240.80133 
  13.752018141  243.0557 
  13.757823129  243.16403 
  13.763628118  242.52188 
  13.769433107  241.69069 
  13.775238095  240.0708 
  13.781043084  237.78976 
  13.786848073  235.91576 
  13.792653061  234.42082 
  13.798458050  232.7148 
  13.804263039  231.04427 
  13.810068027  229.63637 
  13.815873016  227.60646 
  13.821678005  225.9368 
  13.827482993  224.86842 
  13.833287982  224.40924 
  13.839092971  224.1257 
  13.844897959  223.82288 
  13.850702948  224.322 
  13.856507937  225.22401 
  13.862312925  226.70589 
  13.868117914  229.11864 
  13.873922902  230.82 
  13.879727891  230.79959 
  13.885532880  229.65242 
  13.891337868  228.63916 
  13.897142857  228.70184 
  13.902947846  229.36238 
  13.908752834  228.84485 
  13.914557823  227.74617 
  13.920362812  225.03513 
  13.926167800  220.50826 
  13.931972789  217.85782 
  13.937777778  216.45406 
  13.943582766  215.84375 
  13.949387755  216.64111 
  13.955192744  218.972 
  13.960997732  222.31114 
  13.966802721  226.95505 
  13.972607710  233.65639 
  13.978412698  243.55794 
  13.984217687  256.05914 
  13.990022676  266.9478 
  13.995827664  273.38187 
  14.001632653  277.791 
  14.007437642  276.61954 
  14.013242630  275.45557 
  14.019047619  269.72696 
  14.024852608  262.91354 
  14.030657596  256.49725 
  14.036462585  252.0301 
  14.042267574  245.73328 
  14.048072562  242.40648 
  14.053877551  237.95053 
  14.059682540  234.1595 
  14.065487528  231.23 
  14.071292517  229.17665 
  14.077097506  228.34583 
  14.082902494  227.85493 
  14.088707483  227.02107 
  14.094512472  226.5033 
  14.100317460  227.36748 
  14.106122449  229.14334 
  14.111927438  231.5727 
  14.117732426  234.34378 
  14.123537415  236.14174 
  14.129342404  237.17726 
  14.135147392  237.43248 
  14.140952381  237.29063 
  14.146757370  237.12094 
  14.152562358  236.67685 
  14.158367347  236.2351 
  14.164172336  236.13484 
  14.169977324  233.3775 
  14.175782313  231.15317 
  14.181587302  229.82808 
  14.187392290  227.87651 
  14.204807256  198.83676 
  14.210612245  192.16797 
  14.216417234  188.65012 
  14.222222222  186.08559 
  14.228027211  179.71733 
  14.233832200  175.80911 
  14.239637188  172.07399 
  14.245442177  170.56902 
  14.251247166  169.46692 
  14.257052154  169.26958 
  14.262857143  169.98451 
  14.268662132  171.14525 
  14.274467120  172.47491 
  14.280272109  174.49931 
  14.286077098  176.95969 
  14.291882086  179.17113 
  14.297687075  180.40282 
  14.303492063  181.10966 
  14.309297052  181.15848 
  14.315102041  180.93697 
  14.320907029  180.5331 
  14.326712018  179.14328 
  14.332517007  177.42032 
  14.338321995  175.88893 
  14.344126984  174.9682 
  14.349931973  175.11646 
  14.355736961  176.99405 
  14.361541950  179.91034 
  14.367346939  182.74347 
  14.373151927  185.83932 
  14.378956916  189.0655 
  14.384761905  190.5675 
  14.454421769  184.36047 
  14.460226757  182.47559 
  14.466031746  181.75514 
  14.471836735  179.91455 
  14.477641723  179.34753 
  14.483446712  178.92763 
  14.489251701  178.84895 
  14.495056689  179.12703 
  14.500861678  180.05469 
  14.506666667  181.21997 
  14.512471655  182.30507 
  14.518276644  183.97462 
  14.524081633  186.0832 
  14.529886621  187.55144 
  14.535691610  188.87796 
  14.541496599  189.88689 
  14.547301587  189.94289 
  14.553106576  189.15936 
  14.558911565  187.99622 
  14.564716553  185.83281 
  14.570521542  182.55441 
  14.576326531  179.1729 
  14.582131519  177.41718 
  14.587936508  176.42474 
  14.593741497  174.11525 
  14.599546485  170.81496 
  14.605351474  167.83833 
  14.611156463  167.27042 
  14.616961451  167.58217 
  14.622766440  169.07405 
  14.628571429  171.40517 
  14.634376417  173.59142 
  14.640181406  176.45879 
  14.645986395  178.93613 
  14.651791383  181.4026 
  14.657596372  184.03285 
  14.663401361  185.0338 
  14.669206349  185.72417 
  14.767891156  195.67328 
  14.773696145  201.14127 
  14.779501134  205.07883 
  14.785306122  208.60832 
  14.791111111  212.78513 
  14.796916100  216.35838 
  14.802721088  219.94081 
  14.808526077  224.61433 
  14.814331066  229.74988 
  14.820136054  234.49689 
  14.825941043  238.00836 
  14.831746032  240.5594 
  14.837551020  242.61995 
  14.843356009  243.70575 
  14.849160998  243.73108 
  14.854965986  243.01619 
  14.860770975  241.83893 
  14.866575964  239.36844 
  14.872380952  237.50404 
  14.878185941  235.3901 
  14.883990930  233.24338 
  14.889795918  231.37527 
  14.895600907  230.08324 
  14.901405896  229.14478 
  14.907210884  228.47357 
  14.913015873  227.87602 
  14.918820862  227.48503 
  14.924625850  227.54526 
  14.930430839  228.1844 
  14.936235828  228.99046 
  14.942040816  230.72482 
  14.947845805  233.11942 
  14.953650794  231.50075 
  14.959455782  228.5586 
  14.965260771  226.60155 
  14.971065760  225.49219 
  14.976870748  229.14977 
  14.982675737  230.12811 
  14.988480726  232.41455 
  14.994285714  237.19336 
  15.000090703  239.7008 
  15.005895692  241.27907 
  15.011700680  241.60841 
  15.017505669  241.53606 
  15.023310658  241.10057 
  15.029115646  239.9896 
  15.034920635  238.82755 
  15.040725624  236.63213 
  15.046530612  234.92632 
  15.052335601  234.28639 
  15.058140590  233.26828 
  15.063945578  233.30255 
  15.069750567  233.39569 
  15.075555556  233.66125 
  15.081360544  234.36688 
  15.087165533  234.78549 
  15.092970522  236.32271 
  15.098775510  237.12701 
  15.104580499  237.68005 
  15.110385488  237.87115 
  15.116190476  236.72858 
  15.121995465  236.27199 
  15.127800454  235.68663 
  15.133605442  234.85733 
  15.139410431  234.38794 
  15.145215420  233.88356 
  15.151020408  233.65439 
  15.156825397  233.5785 
  15.162630385  233.6467 
  15.168435374  233.78247 
  15.174240363  233.89243 
  15.180045351  234.67982 
  15.185850340  235.896 
  15.191655329  237.52534 
  15.197460317  239.66574 
  15.203265306  241.58267 
  15.209070295  243.32379 
  15.214875283  244.33469 
  15.220680272  244.77814 
  15.226485261  244.82535 
  15.232290249  244.86707 
  15.238095238  243.89282 
  15.243900227  242.79842 
  15.249705215  240.94101 
  15.255510204  238.44736 
  15.261315193  235.8546 
  15.267120181  233.2525 
  15.272925170  230.6679 
  15.278730159  228.62424 
  15.284535147  227.69887 
  15.290340136  227.98032 
  15.296145125  229.17729 
  15.301950113  231.29774 
  15.307755102  233.86078 
  15.313560091  236.29349 
  15.319365079  238.67786 
  15.325170068  240.61896 
  15.330975057  242.37343 
  15.336780045  243.12411 
  15.342585034  243.90773 
  15.348390023  244.25783 
  15.354195011  243.9962 
  15.360000000  243.14268 
  15.365804989  241.83711 
  15.371609977  240.1242 
  15.377414966  237.78172 
  15.383219955  235.40671 
  15.389024943  233.41747 
  15.394829932  230.79489 
  15.400634921  228.3388 
  15.406439909  227.28621 
  15.412244898  227.33772 
  15.418049887  228.70763 
  15.423854875  231.0113 
  15.429659864  233.75134 
  15.435464853  237.31631 
  15.441269841  239.86824 
  15.447074830  242.15083 
  15.452879819  244.8544 
  15.458684807  246.1823 
  15.464489796  248.14449 
  15.470294785  249.78731 
  15.476099773  248.12805 
  15.481904762  244.65875 
  15.487709751  242.38051 
  15.493514739  239.67917 
  15.499319728  236.34106 
  15.505124717  231.92238 
  15.632834467  228.0136 
  15.638639456  228.4391 
  15.644444444  231.57468 
  15.650249433  230.73709 
  15.656054422  228.37167 
  15.661859410  227.59288 
  15.667664399  227.33241 
  15.673469388  228.19698 
  15.679274376  229.9042 
  15.685079365  232.01526 
  15.690884354  234.96437 
  15.696689342  238.48074 
  15.702494331  242.1186 
  15.708299320  245.40947 
  15.714104308  248.53685 
  15.719909297  251.09743 
  15.725714286  253.35504 
  15.731519274  254.28903 
  15.737324263  253.47429 
  15.743129252  251.40614 
  15.748934240  250.43692 
  15.754739229  249.22647 
  15.760544218  248.00276 
  15.766349206  246.23889 
  15.772154195  244.57439 
  15.777959184  242.92351 
  15.783764172  241.36467 
  15.789569161  240.16539 
  15.795374150  239.036 
  15.801179138  238.51779 
  15.806984127  238.10257 
  15.812789116  238.56754 
  15.818594104  239.5981 
  15.824399093  240.81436 
  15.830204082  242.13719 
  15.836009070  243.01689 
  15.841814059  243.87167 
  15.847619048  244.17557 
  15.853424036  244.13962 
  15.859229025  244.17714 
  15.865034014  243.73624 
  15.870839002  242.8314 
  15.876643991  241.05827 
  15.882448980  237.99928 
  15.888253968  232.93245 
  15.894058957  227.72276 
  15.899863946  223.93668 
  15.905668934  221.41368 
  15.911473923  219.9591 
  15.917278912  220.6051 
  15.923083900  221.12326 
  15.928888889  219.48203 
  15.934693878  216.83997 
  15.940498866  210.16241 
  15.952108844  190.12006 
  15.957913832  185.81631 
  15.963718821  181.54056 
  15.969523810  176.15973 
  15.975328798  172.28131 
  15.981133787  168.72653 
  15.986938776  165.29958 
  15.992743764  163.31331 
  15.998548753  161.61514 
  16.004353741  161.9741 
  16.010158730  165.41766 
  16.015963719  168.79456 
  16.021768707  172.25905 
  16.027573696  176.7177 
  16.033378685  179.71605 
  16.039183673  182.30237 
  16.044988662  185.66257 
  16.050793651  187.61667 
  16.056598639  189.76508 
  16.062403628  191.98041 
  16.068208617  192.58453 
  16.074013605  192.70314 
  16.079818594  192.70306 
  16.085623583  191.69695 
  16.091428571  189.98416 
  16.097233560  188.38245 
  16.103038549  186.19037 
  16.108843537  183.89215 
  16.114648526  182.29309 
  16.120453515  181.97499 
  16.126258503  182.62074 
  16.132063492  183.22177 
  16.137868481  183.7327 
  16.143673469  184.47252 
  16.149478458  185.0369 
  16.155283447  185.85031 
  16.161088435  186.72104 
  16.166893424  187.3283 
  16.172698413  188.11961 
  16.178503401  188.10257 
  16.184308390  188.01364 
  16.190113379  187.66629 
  16.195918367  186.611 
  16.201723356  185.57993 
  16.207528345  183.95113 
  16.213333333  182.16444 
  16.219138322  180.46005 
  16.224943311  178.82257 
  16.230748299  177.67612 
  16.236553288  176.64824 
  16.242358277  175.85547 
  16.248163265  175.59026 
  16.253968254  175.59222 
  16.259773243  175.83826 
  16.265578231  176.04604 
  16.271383220  176.72746 
  16.277188209  177.45177 
  16.282993197  177.55145 
  16.288798186  177.85094 
  16.294603175  177.74403 
  16.300408163  177.81816 
  16.306213152  178.09724 
  16.312018141  178.2928 
  16.317823129  178.69092 
  16.323628118  178.87027 
  16.329433107  178.76578 
  16.335238095  178.75415 
  16.341043084  178.08794 
  16.346848073  177.22418 
  16.352653061  176.73164 
  16.358458050  175.98747 
  16.364263039  175.95134 
  16.370068027  175.28836 
  16.375873016  175.02353 
  16.381678005  174.81357 
  16.387482993  174.29121 
  16.393287982  174.75235 
  16.399092971  174.74725 
  16.404897959  174.821 
  16.410702948  174.92104 
  16.416507937  174.7096 
  16.422312925  174.60005 
  16.428117914  173.9237