
  0.696598639  298.4784 
  0.702403628  300.39905 
  0.708208617  303.4382 
  0.714013605  306.57254 
  0.719818594  311.117 
  0.725623583  315.91782 
  0.731428571  321.50494 
  0.737233560  329.10287 
  0.743038549  336.97977 
  0.748843537  344.64038 
  0.754648526  351.84024 
  0.760453515  359.24792 
  0.766258503  358.01578 
  0.772063492  355.66202 
  0.777868481  352.44583 
  0.783673469  350.42355 
  0.789478458  348.2792 
  0.795283447  345.933 
  0.801088435  342.5831 
  0.806893424  338.29065 
  0.812698413  334.59424 
  0.818503401  332.10446 
  0.824308390  329.327 
  0.830113379  324.7451 
  0.835918367  318.28104 
  0.841723356  313.4203 
  0.847528345  309.249 
  0.853333333  305.08276 
  0.859138322  303.80768 
  1.015873016  368.44644 
  1.021678005  379.7738 
  1.027482993  384.07648 
  1.033287982  385.33612 
  1.039092971  386.68848 
  1.044897959  385.97614 
  1.050702948  384.50507 
  1.056507937  384.52646 
  1.062312925  385.88434 
  1.068117914  387.99948 
  1.073922902  389.9901 
  1.079727891  391.43365 
  1.085532880  392.95828 
  1.091337868  396.10608 
  1.097142857  400.0534 
  1.102947846  404.02316 
  1.108752834  407.32382 
  1.114557823  408.21527 
  1.120362812  408.22733 
  1.126167800  407.9253 
  1.131972789  404.60367 
  1.137777778  401.23856 
  1.143582766  392.60654 
  1.149387755  393.34323 
  1.155192744  393.16623 
  1.160997732  392.66843 
  1.166802721  391.69376 
  1.172607710  390.22214 
  1.178412698  388.59015 
  1.184217687  386.47806 
  1.190022676  385.30426 
  1.195827664  384.73264 
  1.201632653  384.64233 
  1.207437642  384.27924 
  1.213242630  382.92145 
  1.219047619  379.9263 
  1.224852608  378.34396 
  1.230657596  374.6681 
  1.236462585  372.70874 
  1.242267574  370.92743 
  1.248072562  368.19684 
  1.253877551  366.38623 
  1.259682540  362.86188 
  1.265487528  360.0585 
  1.271292517  357.71936 
  1.277097506  355.24734 
  1.282902494  353.7149 
  1.288707483  356.60977 
  1.294512472  361.70197 
  1.300317460  366.87668 
  1.306122449  370.41806 
  1.311927438  370.34662 
  1.317732426  368.68884 
  1.323537415  367.1869 
  1.329342404  364.98645 
  1.335147392  362.724 
  1.340952381  360.87122 
  1.346757370  358.84265 
  1.352562358  356.58255 
  1.358367347  355.26547 
  1.364172336  353.00385 
  1.369977324  348.9136 
  1.375782313  343.10168 
  1.381587302  338.5097 
  1.387392290  335.29504 
  1.393197279  335.0587 
  1.399002268  335.4858 
  1.404807256  335.9984 
  1.410612245  337.44897 
  1.416417234  338.29477 
  1.422222222  339.2535 
  1.428027211  340.70074 
  1.433832200  342.06586 
  1.439637188  344.60034 
  1.445442177  348.2568 
  1.451247166  351.50543 
  1.457052154  353.10556 
  1.462857143  353.30624 
  1.468662132  350.52878 
  1.474467120  341.45575 
  1.480272109  330.32254 
  1.584761905  326.98447 
  1.590566893  330.90552 
  1.596371882  332.16513 
  1.602176871  332.10092 
  1.607981859  331.27563 
  1.613786848  330.17273 
  1.619591837  328.6463 
  1.625396825  327.93033 
  1.631201814  328.37152 
  1.637006803  328.25134 
  1.642811791  327.85928 
  1.648616780  326.37076 
  1.654421769  323.25827 
  1.660226757  316.89377 
  1.666031746  308.07785 
  1.671836735  301.2981 
  1.822766440  293.8206 
  1.828571429  297.4703 
  1.834376417  292.9904 
  1.840181406  288.58447 
  1.845986395  280.49197 
  1.851791383  271.60403 
  1.857596372  262.54996 
  1.863401361  254.58961 
  1.869206349  246.69936 
  1.875011338  241.20369 
  1.880816327  236.48453 
  1.886621315  232.34912 
  1.892426304  229.64653 
  1.898231293  226.61783 
  1.904036281  223.69672 
  1.909841270  221.34308 
  1.915646259  219.54163 
  1.921451247  216.45078 
  1.927256236  213.89091 
  1.933061224  212.41032 
  1.938866213  210.86082 
  1.944671202  208.14476 
  1.950476190  204.52722 
  1.956281179  201.99117 
  1.962086168  200.14903 
  1.967891156  198.49538 
  1.973696145  195.74394 
  1.979501134  194.4507 
  2.049160998  167.36041 
  2.054965986  165.76855 
  2.060770975  164.76617 
  2.066575964  163.63672 
  2.072380952  162.95944 
  2.078185941  162.2368 
  2.083990930  162.03166 
  2.089795918  161.84526 
  2.095600907  162.17294 
  2.101405896  162.94516 
  2.107210884  163.54866 
  2.113015873  164.44519 
  2.118820862  165.25063 
  2.124625850  165.84651 
  2.130430839  166.66866 
  2.136235828  167.44656 
  2.142040816  168.4055 
  2.147845805  169.84642 
  2.153650794  171.44635 
  2.159455782  173.39932 
  2.420680272  237.83376 
  2.426485261  238.31451 
  2.432290249  240.07103 
  2.438095238  245.66231 
  2.443900227  251.42664 
  2.449705215  260.00995 
  2.455510204  263.73633 
  2.461315193  266.37244 
  2.467120181  267.9447 
  2.472925170  270.2659 
  2.478730159  271.95294 
  2.484535147  274.5224 
  2.490340136  277.03622 
  2.496145125  279.68918 
  2.501950113  281.71893 
  2.507755102  284.45544 
  2.513560091  286.16486 
  2.519365079  287.01306 
  2.525170068  288.40228 
  2.589024943  310.99408 
  2.594829932  321.9633 
  2.600634921  336.91592 
  2.606439909  344.9284 
  2.612244898  350.75433 
  2.618049887  355.3385 
  2.623854875  357.31726 
  2.629659864  360.09146 
  2.635464853  361.31696 
  2.641269841  363.4524 
  2.647074830  364.7732 
  2.652879819  365.56964 
  2.658684807  367.3929 
  2.664489796  367.38126 
  2.670294785  368.38425 
  2.676099773  368.29462 
  2.681904762  359.8806 
  2.757369615  327.78677 
  2.763174603  331.403 
  2.768979592  330.7982 
  2.774784580  328.20468 
  2.780589569  325.27737 
  2.786394558  321.4446 
  2.792199546  318.5748 
  2.798004535  316.6542 
  2.803809524  314.72723 
  2.809614512  313.7013 
  2.815419501  312.98486 
  2.821224490  312.8802 
  2.827029478  312.8199 
  2.832834467  313.09546 
  2.838639456  313.37097 
  2.844444444  311.5305 
  2.972154195  294.03928 
  2.977959184  296.70935 
  2.983764172  297.1737 
  2.989569161  297.189 
  2.995374150  297.27347 
  3.001179138  295.93533 
  3.006984127  294.0955 
  3.012789116  291.67932 
  3.018594104  289.1472 
  3.024399093  286.9942 
  3.030204082  285.7811 
  3.036009070  285.00702 
  3.041814059  286.0131 
  3.047619048  287.60767 
  3.053424036  289.75424 
  3.059229025  292.00668 
  3.065034014  293.16525 
  3.070839002  293.95224 
  3.076643991  293.4496 
  3.082448980  290.99127 
  3.088253968  287.02917 
  3.094058957  282.8655 
  3.099863946  278.06976 
  3.105668934  272.6773 
  3.111473923  267.71835 
  3.117278912  261.14597 
  3.198548753  231.58786 
  3.204353741  238.09898 
  3.210158730  238.65814 
  3.215963719  241.8882 
  3.221768707  248.20993 
  3.227573696  249.93034 
  3.233378685  251.5094 
  3.239183673  251.88338 
  3.244988662  250.6916 
  3.250793651  249.74016 
  3.256598639  249.44054 
  3.262403628  249.12672 
  3.268208617  249.18936 
  3.274013605  248.84924 
  3.279818594  248.52864 
  3.285623583  247.26062 
  3.291428571  246.76454 
  3.297233560  245.6754 
  3.303038549  244.81111 
  3.308843537  244.27596 
  3.314648526  243.94577 
  3.320453515  244.16495 
  3.326258503  244.24597 
  3.332063492  244.92642 
  3.337868481  245.4953 
  3.343673469  245.90842 
  3.349478458  245.6173 
  3.355283447  245.1763 
  3.361088435  244.635 
  3.366893424  243.39902 
  3.372698413  243.49228 
  3.378503401  243.17198 
  3.384308390  242.74069 
  3.390113379  243.90147 
  3.395918367  243.0538 
  3.401723356  242.59248 
  3.407528345  242.72307 
  3.413333333  240.63342 
  3.419138322  239.37141 
  3.424943311  238.11896 
  3.430748299  237.40807 
  3.436553288  239.83675 
  3.442358277  242.76297 
  3.448163265  247.41898 
  3.453968254  254.61044 
  3.459773243  259.83963 
  3.465578231  264.10236 
  3.471383220  269.3968 
  3.477188209  273.72302 
  3.482993197  277.08148 
  3.488798186  278.54257 
  3.494603175  279.9318 
  3.500408163  280.17194 
  3.506213152  280.32214 
  3.512018141  279.94614 
  3.517823129  278.69647 
  3.523628118  277.69373 
  3.529433107  275.67593 
  3.535238095  274.02985 
  3.541043084  272.55112 
  3.546848073  270.49255 
  3.552653061  268.77805 
  3.558458050  266.41232 
  3.564263039  264.14114 
  3.570068027  261.30197 
  3.575873016  259.22717 
  3.581678005  256.99942 
  3.587482993  254.81796 
  3.593287982  252.15515 
  3.599092971  250.41089 
  3.604897959  247.27374 
  3.610702948  245.30774 
  3.616507937  242.08525 
  3.622312925  238.65694 
  3.628117914  235.88052 
  3.633922902  233.37772 
  3.639727891  230.06015 
  3.645532880  226.63225 
  3.651337868  223.66238 
  3.657142857  220.00009 
  3.662947846  214.01422 
  3.773242630  90.71142 
  3.779047619  91.29736 
  3.784852608  91.806366 
  3.790657596  91.82929 
  3.796462585  91.70446 
  3.802267574  90.810455 
  3.808072562  89.61795 
  3.813877551  88.70142 
  3.819682540  87.95152 
  3.825487528  87.36905 
  3.831292517  86.77283 
  3.837097506  86.14146 
  3.842902494  85.829384 
  3.848707483  85.38231 
  5.160634921  307.88196 
  5.166439909  299.2016 
  5.172244898  296.73438 
  5.178049887  297.4009 
  5.183854875  298.1699 
  5.189659864  299.65054 
  5.195464853  302.23193 
  5.201269841  304.1799 
  5.207074830  307.11185 
  5.212879819  310.54294 
  5.218684807  313.2612 
  5.224489796  316.74176 
  5.230294785  320.04904 
  5.236099773  323.02908 
  5.241904762  326.02515 
  5.247709751  329.18918 
  5.253514739  333.55954 
  5.259319728  338.45078 
  5.265124717  342.41046 
  5.270929705  346.5404 
  5.276734694  349.91144 
  5.282539683  353.18573 
  5.288344671  355.90103 
  5.294149660  357.76285 
  5.299954649  361.92645 
  5.305759637  365.0549 
  5.311564626  368.0759 
  5.317369615  370.1162 
  5.323174603  373.54907 
  5.328979592  377.58734 
  5.334784580  379.51688 
  5.340589569  382.3768 
  5.346394558  384.15353 
  5.352199546  384.77362 
  5.358004535  385.5891 
  5.363809524  385.13623 
  5.369614512  383.36652 
  5.375419501  382.22113 
  5.381224490  380.83554 
  5.387029478  380.3698 
  5.392834467  380.99976 
  5.398639456  382.535 
  5.404444444  384.85287 
  5.410249433  388.02335 
  5.416054422  390.07605 
  5.421859410  391.7925 
  5.427664399  392.5946 
  5.433469388  394.85806 
  5.439274376  397.22876 
  5.445079365  397.87012 
  5.450884354  398.84247 
  5.456689342  397.80118 
  5.462494331  397.18848 
  5.468299320  396.36957 
  5.474104308  394.88196 
  5.479909297  395.49396 
  5.485714286  395.90323 
  5.491519274  397.59933 
  5.497324263  400.24088 
  5.503129252  401.07318 
  5.508934240  402.1431 
  5.514739229  402.68362 
  5.520544218  403.0365 
  5.526349206  404.53088 
  5.532154195  405.11166 
  5.537959184  405.74417 
  5.543764172  406.2202 
  5.549569161  406.2621 
  5.555374150  407.06943 
  5.561179138  407.74222 
  5.566984127  407.77094 
  5.572789116  407.66507 
  5.578594104  407.3161 
  5.584399093  406.84784 
  5.590204082  406.5606 
  5.596009070  407.48468 
  5.601814059  407.56497 
  5.607619048  407.3057 
  5.613424036  406.74457 
  5.619229025  405.49857 
  5.625034014  404.87064 
  5.630839002  404.2557 
  5.636643991  404.1842 
  5.642448980  404.54816 
  5.648253968  404.92657 
  5.654058957  405.827 
  5.659863946  406.64597 
  5.665668934  407.76703 
  5.671473923  408.14252 
  5.677278912  408.40424 
  5.683083900  408.66455 
  5.688888889  408.93643 
  5.694693878  409.76596 
  5.700498866  410.6888 
  5.706303855  411.9833 
  5.712108844  412.79727 
  5.717913832  413.96368 
  5.723718821  414.73395 
  5.729523810  415.04135 
  5.735328798  414.4943 
  5.741133787  413.97324 
  5.746938776  413.08664 
  5.752743764  411.48688 
  5.758548753  410.6227 
  5.764353741  409.3717 
  5.770158730  408.65164 
  5.775963719  407.26392 
  5.781768707  405.86478 
  5.787573696  404.224 
  5.793378685  402.01813 
  5.799183673  400.9364 
  5.804988662  400.2661 
  5.810793651  399.95074 
  5.816598639  399.22012 
  5.822403628  399.04572 
  5.828208617  399.00244 
  5.834013605  399.0211 
  5.839818594  399.3607 
  5.845623583  399.58612 
  5.851428571  400.04733 
  5.857233560  399.62305 
  5.863038549  399.82718 
  5.868843537  398.99298 
  5.874648526  398.79773 
  5.880453515  399.1459 
  5.886258503  399.3302 
  5.892063492  399.71814 
  5.897868481  400.36984 
  5.903673469  401.71783 
  5.909478458  402.21652 
  5.915283447  402.97638 
  5.921088435  402.4914 
  5.926893424  401.87964 
  5.932698413  401.61868 
  5.938503401  401.55392 
  5.944308390  401.7496 
  5.950113379  401.57877 
  5.955918367  401.4296 
  5.961723356  401.3385 
  5.967528345  401.6981 
  5.973333333  402.0754 
  5.979138322  401.94522 
  5.984943311  400.99692 
  5.990748299  400.33582 
  5.996553288  399.9642 
  6.002358277  400.39325 
  6.008163265  400.9519 
  6.013968254  401.26425 
  6.019773243  401.7187 
  6.025578231  402.1041 
  6.031383220  403.0522 
  6.037188209  403.94687 
  6.042993197  404.35873 
  6.048798186  405.13065 
  6.054603175  406.03534 
  6.060408163  406.66916 
  6.066213152  407.32785 
  6.072018141  407.38953 
  6.077823129  407.18887 
  6.083628118  406.37814 
  6.089433107  405.54416 
  6.095238095  404.66547 
  6.101043084  403.18613 
  6.106848073  402.97464 
  6.112653061  402.74152 
  6.118458050  402.57867 
  6.124263039  402.94122 
  6.130068027  402.46774 
  6.135873016  402.70172 
  6.141678005  402.9097 
  6.147482993  402.4217 
  6.153287982  402.5319 
  6.159092971  402.43045 
  6.164897959  402.93356 
  6.170702948  402.8439 
  6.176507937  401.86005 
  6.182312925  401.24548 
  6.188117914  400.09506 
  6.193922902  401.07617 
  6.199727891  402.33423 
  6.205532880  402.69955 
  6.211337868  403.17853 
  6.217142857  402.9155 
  6.222947846  403.536 
  6.228752834  404.486 
  6.234557823  404.57312 
  6.240362812  404.41205 
  6.246167800  403.15512 
  6.251972789  401.7847 
  6.257777778  401.34317 
  6.263582766  401.41568 
  6.269387755  401.89468 
  6.275192744  401.63757 
  6.280997732  400.65738 
  6.286802721  398.95102 
  6.292607710  397.3428 
  6.298412698  396.46692 
  6.304217687  395.72382 
  6.310022676  395.71915 
  6.315827664  395.4272 
  6.321632653  395.27838 
  6.327437642  394.8426 
  6.333242630  394.69113 
  6.339047619  394.24603 
  6.344852608  393.79834 
  6.350657596  394.20984 
  6.356462585  394.2392 
  6.362267574  394.99387 
  6.368072562  395.25854 
  6.373877551  394.85437 
  6.379682540  394.529 
  6.385487528  394.8813 
  6.391292517  395.78464 
  6.397097506  397.46927 
  6.402902494  399.36887 
  6.408707483  400.4563 
  6.414512472  401.89563 
  6.420317460  402.7938 
  6.426122449  403.2044 
  6.431927438  402.77402 
  6.437732426  402.42896 
  6.443537415  401.9966 
  6.449342404  400.97006 
  6.455147392  400.41263 
  6.460952381  398.85825 
  6.466757370  397.32144 
  6.472562358  395.41946 
  6.478367347  393.4356 
  6.484172336  391.98685 
  6.489977324  390.1287 
  6.495782313  389.5027 
  6.501587302  393.6399 
  6.507392290  399.10767 
  6.513197279  399.25366 
  6.519002268  390.06406 
  6.606077098  357.87466 
  6.611882086  342.92715 
  6.617687075  340.1269 
  6.623492063  338.82108 
  6.629297052  336.85156 
  6.635102041  335.70215 
  6.640907029  335.61633 
  6.646712018  337.22366 
  6.652517007  340.14093 
  6.658321995  342.4855 
  6.664126984  345.1902 
  6.669931973  348.508 
  6.675736961  352.34277 
  6.681541950  356.3412 
  6.687346939  359.486 
  6.693151927  361.75623 
  6.698956916  362.92303 
  6.704761905  364.02792 
  6.710566893  364.36234 
  6.716371882  364.70117 
  6.722176871  364.96872 
  6.727981859  363.65283 
  6.733786848  362.60352 
  6.739591837  361.46 
  6.745396825  360.22955 
  6.751201814  359.89984 
  6.757006803  359.03476 
  6.762811791  358.1645 
  6.768616780  357.83337 
  6.774421769  357.5224 
  6.780226757  357.91235 
  6.786031746  358.99832 
  6.791836735  356.6561 
  6.797641723  351.27136 
  6.803446712  352.24603 
  6.809251701  354.46396 
  6.815056689  357.63596 
  6.820861678  362.20822 
  6.826666667  367.43164 
  6.832471655  371.58344 
  6.838276644  373.78253 
  6.844081633  374.73077 
  6.849886621  375.49722 
  6.855691610  377.0 
  6.861496599  381.23712 
  6.867301587  380.72617 
  6.873106576  382.3265 
  6.878911565  384.39465 
  6.884716553  385.22473 
  6.890521542  386.11978 
  6.896326531  385.86105 
  6.902131519  384.38333 
  6.907936508  383.15823 
  6.913741497  382.7183 
  6.919546485  383.21112 
  6.925351474  384.24265 
  6.931156463  385.43097 
  6.936961451  388.5226 
  6.942766440  392.62152 
  6.948571429  395.47928 
  6.954376417  396.70422 
  6.960181406  397.19144 
  6.965986395  398.2761 
  6.971791383  400.23645 
  6.977596372  403.7905 
  6.983401361  406.99026 
  6.989206349  408.11072 
  6.995011338  407.89206 
  7.000816327  407.158 
  7.006621315  407.1998 
  7.012426304  408.43338 
  7.018231293  409.77383 
  7.024036281  411.9031 
  7.029841270  413.1399 
  7.035646259  414.5254 
  7.041451247  416.69586 
  7.047256236  417.15662 
  7.053061224  417.56653 
  7.058866213  417.7972 
  7.064671202  418.1673 
  7.070476190  419.01138 
  7.076281179  420.86658 
  7.082086168  421.18958 
  7.087891156  421.64972 
  7.093696145  422.30682 
  7.099501134  422.6773 
  7.105306122  422.93536 
  7.111111111  420.52438 
  7.157551020  416.63092 
  7.163356009  416.24707 
  7.169160998  416.13696 
  7.174965986  413.71402 
  7.180770975  411.9922 
  7.186575964  411.17792 
  7.192380952  409.58972 
  7.198185941  408.45892 
  7.203990930  406.50345 
  7.209795918  402.3823 
  7.215600907  398.56943 
  7.221405896  395.61215 
  7.227210884  392.9133 
  7.233015873  389.80573 
  7.238820862  385.388 
  7.244625850  382.65012 
  7.250430839  383.00595 
  7.256235828  383.19815 
  7.262040816  382.41992 
  7.267845805  381.66666 
  7.273650794  381.38074 
  7.279455782  382.1497 
  7.285260771  381.6505 
  7.291065760  380.04376 
  7.296870748  377.62143 
  7.302675737  374.8438 
  7.308480726  374.30737 
  7.314285714  374.72397 
  7.320090703  376.89008 
  7.325895692  379.83313 
  7.331700680  382.61865 
  7.337505669  384.48325 
  7.343310658  386.09537 
  7.349115646  388.12836 
  7.354920635  390.8937 
  7.360725624  393.4828 
  7.366530612  394.4644 
  7.372335601  393.76514 
  7.378140590  392.59335 
  7.383945578  391.31152 
  7.389750567  391.04626 
  7.395555556  390.40482 
  7.401360544  389.3828 
  7.407165533  388.09512 
  7.412970522  386.07474 
  7.418775510  384.40073 
  7.424580499  383.22012 
  7.430385488  382.0168 
  7.436190476  380.12817 
  7.441995465  377.81247 
  7.447800454  375.30548 
  7.453605442  372.94894 
  7.459410431  372.24805 
  7.465215420  370.32928 
  7.471020408  368.87558 
  7.476825397  368.19028 
  7.482630385  367.6847 
  7.488435374  368.5549 
  7.494240363  372.13675 
  7.500045351  384.35898 
  7.505850340  373.43002 
  7.581315193  334.15845 
  7.587120181  332.48978 
  7.592925170  323.61115 
  7.598730159  320.6562 
  7.604535147  319.28146 
  7.610340136  319.01642 
  7.616145125  320.57626 
  7.621950113  322.54733 
  7.627755102  324.00027 
  7.633560091  325.4964 
  7.639365079  326.96848 
  7.645170068  329.123 
  7.650975057  332.15936 
  7.656780045  334.0749 
  7.662585034  334.87094 
  7.668390023  335.17007 
  7.674195011  335.23288 
  7.680000000  336.19614 
  7.685804989  337.56723 
  7.691609977  339.41138 
  7.697414966  340.35022 
  7.703219955  340.88785 
  7.709024943  341.37537 
  7.714829932  342.1804 
  7.720634921  342.46213 
  7.726439909  341.7484 
  7.732244898  341.4897 
  7.738049887  340.19785 
  7.743854875  339.03348 
  7.749659864  338.68884 
  7.755464853  338.07892 
  7.761269841  337.68497 
  7.767074830  337.49792 
  7.772879819  336.66962 
  7.778684807  335.8162 
  7.784489796  335.2572 
  7.790294785  334.7089 
  7.796099773  334.57327 
  7.801904762  334.34177 
  7.807709751  334.49277 
  7.813514739  334.50424 
  7.819319728  334.55124 
  7.825124717  334.71738 
  7.830929705  334.38855 
  7.836734694  334.41626 
  7.842539683  333.65485 
  7.848344671  333.22192 
  7.854149660  332.54483 
  7.859954649  331.92398 
  7.865759637  332.14285 
  7.871564626  332.35342 
  7.877369615  332.51746 
  7.883174603  332.03864 
  7.888979592  330.75186 
  7.894784580  328.6827 
  7.900589569  326.18246 
  7.906394558  324.48007 
  7.912199546  323.25308 
  7.918004535  323.66058 
  7.923809524  324.90652 
  7.929614512  310.61136 
  8.016689342  321.89294 
  8.022494331  311.1781 
  8.028299320  307.70483 
  8.034104308  304.5128 
  8.039909297  297.7122 
  8.045714286  291.09998 
  8.051519274  286.19757 
  8.057324263  283.18573 
  8.063129252  279.8101 
  8.068934240  279.7673 
  8.074739229  279.46988 
  8.080544218  280.82642 
  8.086349206  282.66486 
  8.092154195  282.881 
  8.097959184  282.90552 
  8.103764172  281.5134 
  8.109569161  280.43384 
  8.115374150  278.72925 
  8.121179138  277.10135 
  8.126984127  276.45123 
  8.132789116  274.69025 
  8.138594104  273.3365 
  8.144399093  271.2774 
  8.150204082  268.56973 
  8.156009070  265.93976 
  8.161814059  261.95966 
  8.167619048  257.90787 
  8.173424036  253.84245 
  8.179229025  250.452 
  8.185034014  246.92715 
  8.190839002  244.20312 
  8.196643991  242.11429 
  8.202448980  240.44815 
  8.208253968  239.23714 
  8.214058957  237.95592 
  8.219863946  237.44188 
  8.225668934  237.25023 
  8.231473923  237.29724 
  8.237278912  237.44463 
  8.243083900  237.5143 
  8.248888889  237.66283 
  8.254693878  237.76793 
  8.260498866  238.90704 
  8.266303855  240.24432 
  8.272108844  241.02942 
  8.277913832  240.67287 
  8.283718821  239.92644 
  8.289523810  239.6655 
  8.295328798  238.95984 
  8.301133787  238.38878 
  8.306938776  237.23253 
  8.312743764  236.40782 
  8.318548753  235.05925 
  8.324353741  233.19614 
  8.330158730  230.88954 
  8.335963719  228.20784 
  8.341768707  228.36093 
  8.347573696  229.03683 
  8.353378685  230.49689 
  8.359183673  232.5565 
  8.364988662  233.82114 
  8.370793651  235.21738 
  8.376598639  236.50002 
  8.382403628  237.74352 
  8.388208617  239.29602 
  8.394013605  240.79178 
  8.399818594  241.76962 
  8.405623583  242.29034 
  8.411428571  242.71968 
  8.417233560  242.68855 
  8.423038549  242.36 
  8.428843537  241.73958 
  8.434648526  240.73582 
  8.440453515  239.74979 
  8.446258503  239.06523 
  8.452063492  238.35129 
  8.457868481  237.94623 
  8.463673469  237.4884 
  8.469478458  237.4968 
  8.475283447  237.02797 
  8.481088435  237.33765 
  8.486893424  237.70755 
  8.492698413  237.83698 
  8.498503401  238.42097 
  8.504308390  238.59831 
  8.510113379  239.36119 
  8.515918367  240.0507 
  8.521723356  240.54272 
  8.527528345  240.83961 
  8.533333333  240.80235 
  8.539138322  241.11961 
  8.544943311  241.57892 
  8.550748299  241.92981 
  8.556553288  242.19492 
  8.562358277  241.96506 
  8.568163265  241.64793 
  8.573968254  241.22435 
  8.579773243  240.74712 
  8.585578231  240.50075 
  8.591383220  239.91959 
  8.597188209  239.36731 
  8.602993197  238.9521 
  8.608798186  238.20117 
  8.614603175  237.77702 
  8.620408163  237.49184 
  8.626213152  237.13219 
  8.632018141  237.03535 
  8.637823129  236.72577 
  8.643628118  236.82501 
  8.649433107  237.23738 
  8.655238095  237.4903 
  8.661043084  237.57573 
  8.666848073  237.689 
  8.672653061  237.62517 
  8.678458050  237.67317 
  8.684263039  238.0631 
  8.690068027  237.74733 
  8.695873016  237.24358 
  8.701678005  236.77972 
  8.707482993  236.35704 
  8.713287982  237.06615 
  8.719092971  238.23485 
  8.724897959  240.36339 
  8.730702948  242.1263 
  8.736507937  243.12537 
  8.742312925  245.11307 
  8.748117914  246.51549 
  8.753922902  248.18776 
  8.759727891  249.46596 
  8.765532880  251.21779 
  8.771337868  253.15302 
  8.777142857  254.94156 
  8.782947846  256.2585 
  8.788752834  257.79068 
  8.794557823  259.61096 
  8.800362812  263.67615 
  8.806167800  267.34598 
  8.811972789  270.91467 
  8.817777778  273.72888 
  8.823582766  275.0261 
  8.829387755  274.8393 
  8.835192744  274.36914 
  8.840997732  272.5677 
  8.846802721  271.09073 
  8.852607710  270.58987 
  8.858412698  270.29382 
  8.864217687  270.86282 
  8.870022676  271.4227 
  8.875827664  272.44153 
  8.881632653  273.4675 
  8.887437642  274.78085 
  8.893242630  276.53656 
  8.899047619  277.62155 
  8.904852608  279.28607 
  8.910657596  280.56805 
  8.916462585  280.67874 
  8.922267574  280.36188 
  8.928072562  280.03094 
  8.933877551  279.87262 
  8.939682540  280.3381 
  8.945487528  281.54498 
  8.951292517  282.04446 
  8.957097506  282.0899 
  8.962902494  281.87338 
  8.968707483  280.42468 
  8.974512472  278.6754 
  8.980317460  276.09784 
  8.986122449  274.56375 
  8.991927438  273.40796 
  8.997732426  272.7347 
  9.003537415  272.76532 
  9.009342404  273.57642 
  9.015147392  274.32614 
  9.020952381  275.50696 
  9.026757370  275.49872 
  9.032562358  273.74762 
  9.038367347  272.8108 
  9.044172336  270.97803 
  9.049977324  269.4794 
  9.055782313  267.9594 
  9.061587302  266.01752 
  9.067392290  263.58353 
  9.073197279  262.20468 
  9.079002268  260.1447 
  9.084807256  258.978 
  9.090612245  257.82135 
  9.096417234  257.3673 
  9.102222222  257.03943 
  9.108027211  256.7267 
  9.113832200  256.3401 
  9.119637188  256.03894 
  9.125442177  255.84534 
  9.131247166  256.13364 
  9.137052154  256.47388 
  9.142857143  256.81424 
  9.148662132  257.284 
  9.154467120  257.45206 
  9.160272109  258.1528 
  9.166077098  258.56067 
  9.171882086  258.41095 
  9.177687075  257.93848 
  9.183492063  257.1558 
  9.189297052  256.28717 
  9.195102041  255.50801 
  9.200907029  254.71623 
  9.206712018  253.77335 
  9.212517007  253.10493 
  9.218321995  252.46364 
  9.224126984  252.11636 
  9.229931973  251.39148 
  9.235736961  250.57584 
  9.241541950  249.89336 
  9.247346939  249.0071 
  9.253151927  248.52888 
  9.258956916  248.56258 
  9.264761905  248.49402 
  9.270566893  249.02711 
  9.287981859  223.70598 
  9.293786848  221.47469 
  9.299591837  224.27873 
  9.305396825  230.40814 
  9.311201814  236.00606 
  9.317006803  240.29668 
  9.322811791  242.65102 
  9.328616780  242.14482 
  9.334421769  240.8776 
  9.340226757  238.52246 
  9.346031746  235.07312 
  9.351836735  230.31905 
  9.357641723  228.53557 
  9.363446712  227.8231 
  9.369251701  228.02829 
  9.375056689  228.07846 
  9.380861678  228.24371 
  9.386666667  228.82832 
  9.392471655  229.41264 
  9.398276644  230.43797 
  9.404081633  231.4548 
  9.409886621  232.2212 
  9.415691610  232.96423 
  9.421496599  233.49623 
  9.427301587  233.71158 
  9.433106576  233.9591 
  9.438911565  234.29381 
  9.444716553  234.71024 
  9.450521542  234.94772 
  9.456326531  235.3862 
  9.462131519  235.87926 
  9.467936508  236.67374 
  9.473741497  237.48462 
  9.479546485  237.7473 
  9.485351474  237.84206 
  9.491156463  237.59181 
  9.496961451  237.51772 
  9.502766440  237.53967 
  9.508571429  237.72255 
  9.514376417  237.83661 
  9.520181406  237.66956 
  9.525986395  237.32872 
  9.531791383  236.98367 
  9.537596372  236.61717 
  9.543401361  236.42448 
  9.549206349  236.51772 
  9.555011338  236.93007 
  9.560816327  237.24208 
  9.566621315  237.28304 
  9.572426304  237.47633 
  9.578231293  237.21104 
  9.584036281  236.9232 
  9.589841270  236.41974 
  9.595646259  235.65231 
  9.601451247  234.82051 
  9.607256236  233.9456 
  9.613061224  233.66585 
  9.618866213  233.0105 
  9.624671202  232.61804 
  9.630476190  232.00175 
  9.636281179  231.26674 
  9.642086168  231.16016 
  9.647891156  231.3351 
  9.653696145  232.32854 
  9.659501134  233.36215 
  9.665306122  234.22636 
  9.671111111  234.92485 
  9.676916100  235.91566 
  9.682721088  237.07797 
  9.688526077  242.01865 
  9.694331066  246.30011 
  9.700136054  247.77963 
  9.705941043  246.96912 
  9.711746032  245.40625 
  9.717551020  242.3346 
  9.723356009  239.6748 
  9.729160998  236.7155 
  9.734965986  235.62189 
  9.740770975  233.86252 
  9.746575964  234.40744 
  9.752380952  228.58687 
  9.758185941  226.6878 
  9.763990930  228.49106 
  9.769795918  233.58113 
  9.775600907  240.9674 
  9.781405896  243.89606 
  9.787210884  248.41368 
  9.793015873  259.96188 
  9.798820862  267.92377 
  9.804625850  271.60092 
  9.810430839  272.617 
  9.816235828  272.5337 
  9.822040816  272.3156 
  9.827845805  272.19476 
  9.833650794  272.21194 
  9.839455782  273.11526 
  9.845260771  274.562 
  9.851065760  276.3804 
  9.856870748  277.96384 
  9.862675737  279.7645 
  9.868480726  281.64874 
  9.874285714  284.12354 
  9.880090703  286.62302 
  9.885895692  288.8272 
  9.891700680  289.7603 
  9.897505669  289.49698 
  9.903310658  288.33713 
  9.909115646  286.10425 
  9.914920635  284.04376 
  9.920725624  282.33255 
  9.926530612  279.90457 
  9.932335601  277.6151 
  10.089070295  291.64664 
  10.094875283  293.56558 
  10.100680272  297.7878 
  10.106485261  301.7326 
  10.112290249  304.6899 
  10.118095238  307.66437 
  10.123900227  310.66025 
  10.129705215  314.11618 
  10.135510204  317.19235 
  10.141315193  320.28326 
  10.147120181  322.09775 
  10.152925170  323.11716 
  10.158730159  323.74387 
  10.164535147  324.02368 
  10.170340136  325.0006 
  10.176145125  325.9703 
  10.181950113  326.72897 
  10.187755102  327.32568 
  10.193560091  327.2471 
  10.199365079  327.5128 
  10.205170068  327.88785 
  10.210975057  328.40613 
  10.216780045  329.12128 
  10.222585034  329.35162 
  10.228390023  329.13254 
  10.234195011  329.32336 
  10.240000000  329.57608 
  10.245804989  330.14478 
  10.251609977  330.78232 
  10.257414966  331.01328 
  10.263219955  331.17538 
  10.269024943  330.35785 
  10.274829932  329.90952 
  10.280634921  329.7069 
  10.286439909  328.52875 
  10.292244898  328.44186 
  10.298049887  327.83423 
  10.303854875  327.05814 
  10.309659864  326.9681 
  10.315464853  326.27588 
  10.321269841  325.4436 
  10.327074830  324.53967 
  10.332879819  323.1401 
  10.338684807  321.70166 
  10.344489796  319.1968 
  10.350294785  316.5857 
  10.356099773  314.11157 
  10.361904762  311.8416 
  10.367709751  309.7296 
  10.373514739  307.66333 
  10.379319728  306.57257 
  10.385124717  307.31418 
  10.390929705  308.32538 
  10.396734694  310.56888 
  10.402539683  312.3871 
  10.408344671  311.88818 
  10.414149660  313.21127 
  10.419954649  313.99728 
  10.425759637  311.70215 
  10.431564626  314.2447 
  10.437369615  315.06796 
  10.443174603  315.10715 
  10.448979592  317.56796 
  10.454784580  317.65115 
  10.460589569  316.97333 
  10.466394558  316.33627 
  10.472199546  314.74054 
  10.478004535  313.594 
  10.483809524  312.1866 
  10.489614512  311.60776 
  10.495419501  311.36404 
  10.501224490  311.12332 
  10.507029478  311.45605 
  10.512834467  310.87073 
  10.518639456  307.8452 
  10.524444444  304.17572 
  10.530249433  298.47467 
  10.536054422  291.6068 
  10.541859410  286.35513 
  10.547664399  283.4208 
  10.553469388  282.04788 
  10.559274376  282.1028 
  10.565079365  284.13193 
  10.570884354  286.5334 
  10.582494331  313.60754 
  10.588299320  323.65054 
  10.594104308  331.69836 
  10.599909297  335.42404 
  10.605714286  338.61288 
  10.611519274  341.12198 
  10.617324263  342.77692 
  10.623129252  344.13684 
  10.628934240  345.46173 
  10.634739229  346.8737 
  10.640544218  348.73196 
  10.646349206  350.68384 
  10.652154195  353.4626 
  10.657959184  356.48474 
  10.663764172  359.95874 
  10.669569161  364.1828 
  10.675374150  367.55698 
  10.681179138  370.53732 
  10.686984127  372.33453 
  10.692789116  374.22308 
  10.698594104  375.84375 
  10.704399093  377.42548 
  10.710204082  379.82367 
  10.716009070  380.26303 
  10.721814059  380.7947 
  10.727619048  380.8363 
  10.733424036  380.69095 
  10.739229025  382.15262 
  10.745034014  382.67072 
  10.750839002  383.134 
  10.756643991  383.2464 
  10.762448980  383.6505 
  10.768253968  386.9587 
  10.774058957  390.60492 
  10.779863946  396.08328 
  10.785668934  400.13623 
  10.791473923  403.4652 
  10.797278912  404.24246 
  10.803083900  402.34058 
  10.808888889  402.70145 
  10.814693878  403.3262 
  10.820498866  407.7703 
  10.826303855  413.01474 
  10.832108844  416.1346 
  10.837913832  417.6526 
  10.843718821  414.5337 
  10.849523810  409.2019 
  10.855328798  402.08972 
  10.861133787  396.46088 
  10.866938776  391.3354 
  10.872743764  387.80896 
  10.878548753  386.57016 
  10.884353741  386.95065 
  10.890158730  384.03018 
  10.895963719  391.86166 
  10.901768707  395.0974 
  10.907573696  396.85355 
  10.913378685  399.63544 
  10.919183673  402.00165 
  10.924988662  405.38196 
  10.930793651  408.7912 
  10.936598639  411.9308 
  10.942403628  415.05917 
  10.948208617  418.52847 
  10.954013605  420.32315 
  10.959818594  421.53442 
  10.965623583  422.70007 
  10.971428571  423.13254 
  10.977233560  421.71808 
  10.983038549  418.36725 
  10.988843537  413.84943 
  10.994648526  407.4847 
  11.000453515  406.96967 
  11.006258503  406.69855 
  11.012063492  406.04697 
  11.017868481  404.81192 
  11.023673469  403.3561 
  11.029478458  402.62097 
  11.035283447  403.1909 
  11.041088435  403.5118 
  11.046893424  403.65497 
  11.052698413  405.0667 
  11.058503401  406.05048 
  11.064308390  410.91714 
  11.070113379  414.31436 
  11.075918367  416.5079 
  11.081723356  417.42886 
  11.087528345  417.1646 
  11.093333333  416.89816 
  11.099138322  416.52744 
  11.104943311  416.72723 
  11.110748299  416.00095 
  11.116553288  415.2792 
  11.122358277  415.30466 
  11.128163265  412.42426 
  11.133968254  412.7917 
  11.139773243  411.8544 
  11.145578231  410.76483 
  11.151383220  409.60922 
  11.157188209  406.5017 
  11.162993197  405.72333 
  11.168798186  403.72095 
  11.174603175  405.378 
  11.180408163  407.31793 
  11.186213152  408.10733 
  11.192018141  408.01144 
  11.197823129  408.20496 
  11.203628118  408.68857 
  11.209433107  410.45786 
  11.215238095  414.32983 
  11.221043084  415.3718 
  11.226848073  417.1813 
  11.232653061  416.70233 
  11.238458050  416.69083 
  11.244263039  417.45145 
  11.250068027  417.78302 
  11.255873016  418.1361 
  11.261678005  417.90854 
  11.267482993  417.93524 
  11.273287982  417.92596 
  11.279092971  418.2493 
  11.284897959  416.29974 
  11.290702948  415.0553 
  11.296507937  411.93842 
  11.302312925  409.18884 
  11.308117914  407.99042 
  11.313922902  405.77972 
  11.319727891  404.50824 
  11.325532880  403.67865 
  11.331337868  402.0332 
  11.337142857  401.62228 
  11.342947846  401.72946 
  11.348752834  401.36288 
  11.354557823  401.04083 
  11.360362812  400.17444 
  11.366167800  398.9954 
  11.371972789  398.3294 
  11.377777778  397.6924 
  11.383582766  398.63412 
  11.389387755  398.95163 
  11.395192744  399.72266 
  11.400997732  400.39822 
  11.406802721  402.1966 
  11.412607710  403.71384 
  11.418412698  404.31158 
  11.424217687  404.53525 
  11.430022676  402.1539 
  11.435827664  401.17523 
  11.441632653  401.57944 
  11.447437642  401.75323 
  11.453242630  400.75446 
  11.459047619  398.44504 
  11.464852608  395.66467 
  11.470657596  394.68124 
  11.476462585  397.60544 
  11.482267574  399.55994 
  11.488072562  400.05234 
  11.493877551  401.60834 
  11.499682540  399.8755 
  11.505487528  400.97266 
  11.511292517  401.5052 
  11.517097506  401.05548 
  11.522902494  401.83615 
  11.528707483  402.83286 
  11.534512472  402.7811 
  11.540317460  403.46545 
  11.546122449  404.3549 
  11.551927438  403.7324 
  11.557732426  404.8547 
  11.563537415  404.85352 
  11.569342404  405.034 
  11.575147392  404.96814 
  11.580952381  405.83936 
  11.586757370  406.7277 
  11.592562358  407.9891 
  11.598367347  408.03055 
  11.604172336  407.54968 
  11.609977324  407.15332 
  11.615782313  406.83365 
  11.621587302  407.13773 
  11.627392290  406.15182 
  11.633197279  406.051 
  11.639002268  406.1324 
  11.644807256  404.88116 
  11.650612245  404.40552 
  11.656417234  403.70303 
  11.662222222  403.42108 
  11.668027211  403.91678 
  11.673832200  405.13754 
  11.679637188  406.13168 
  11.685442177  406.67993 
  11.691247166  407.56915 
  11.697052154  407.44638 
  11.702857143  406.79965 
  11.708662132  407.31393 
  11.714467120  407.15292 
  11.720272109  407.49255 
  11.726077098  408.39703 
  11.731882086  407.9614 
  11.737687075  407.96713 
  11.743492063  407.772 
  11.749297052  407.43658 
  11.755102041  407.4392 
  11.760907029  406.88873 
  11.766712018  406.47382 
  11.772517007  406.5181 
  11.778321995  406.51263 
  11.784126984  406.7529 
  11.789931973  405.70352 
  11.795736961  403.95233 
  11.801541950  402.3112 
  11.807346939  400.64993 
  11.813151927  400.02487 
  11.818956916  399.1682 
  11.824761905  398.01468 
  11.830566893  396.41916 
  11.836371882  396.0344 
  11.842176871  396.5214 
  11.847981859  397.17206 
  11.853786848  398.5903 
  11.859591837  398.96307 
  11.865396825  397.84857 
  11.871201814  397.03885 
  11.877006803  396.22855 
  11.882811791  397.17972 
  11.888616780  399.85376 
  11.894421769  401.12268 
  11.900226757  401.2912 
  11.906031746  398.67447 
  11.911836735  396.105 
  11.917641723  393.7461 
  11.923446712  392.18344 
  11.929251701  390.96014 
  11.935056689  389.75003 
  11.940861678  388.67844 
  11.946666667  387.4018 
  11.952471655  387.9391 
  11.958276644  390.19894 
  11.964081633  391.31845 
  11.969886621  393.1575 
  11.975691610  393.60394 
  11.981496599  393.29083 
  11.987301587  393.84567 
  11.993106576  393.69986 
  11.998911565  395.62473 
  12.004716553  397.4111 
  12.010521542  400.36337 
  12.016326531  402.8057 
  12.022131519  403.55237 
  12.027936508  404.0043 
  12.033741497  403.83646 
  12.039546485  403.97018 
  12.045351474  404.52673 
  12.051156463  404.09576 
  12.056961451  402.38278 
  12.062766440  399.85922 
  12.068571429  397.87888 
  12.074376417  397.20496 
  12.080181406  398.04382 
  12.085986395  399.31046 
  12.091791383  400.3726 
  12.097596372  400.67465 
  12.103401361  400.93695 
  12.109206349  401.4591 
  12.115011338  402.94125 
  12.120816327  405.7201 
  12.126621315  405.83728 
  12.132426304  405.20364 
  12.138231293  404.67368 
  12.144036281  403.2075 
  12.149841270  401.35748 
  12.155646259  399.80893 
  12.161451247  398.25183 
  12.167256236  396.3798 
  12.173061224  392.04065 
  12.178866213  387.4256 
  12.184671202  384.90732 
  12.190476190  382.536 
  12.196281179  380.30573 
  12.202086168  377.64014 
  12.207891156  374.16855 
  12.213696145  370.87787 
  12.219501134  368.64816 
  12.225306122  366.64365 
  12.231111111  365.33478 
  12.236916100  362.48352 
  12.242721088  355.4612 
  12.248526077  352.35538 
  12.254331066  352.95953 
  12.260136054  354.33704 
  12.265941043  356.314 
  12.271746032  358.29352 
  12.277551020  360.83954 
  12.283356009  363.1755 
  12.289160998  365.33212 
  12.294965986  368.0167 
  12.300770975  369.4006 
  12.306575964  369.81418 
  12.312380952  369.68204 
  12.318185941  367.7349 
  12.323990930  365.60605 
  12.329795918  363.1167 
  12.335600907  360.19034 
  12.341405896  357.31094 
  12.347210884  352.7736 
  12.353015873  346.73077 
  12.358820862  338.75012 
  12.364625850  332.92062 
  12.370430839  330.5352 
  12.376235828  331.0921 
  12.382040816  336.50397 
  12.387845805  341.76437 
  12.393650794  343.37778 
  12.399455782  343.92633 
  12.405260771  344.10757 
  12.411065760  342.53036 
  12.416870748  344.50418 
  12.422675737  363.504 
  12.428480726  358.39484 
  12.434285714  345.52002 
  12.521360544  362.56497 
  12.527165533  368.18018 
  12.532970522  378.8717 
  12.538775510  385.96057 
  12.544580499  394.11105 
  12.550385488  395.67773 
  12.556190476  393.35193 
  12.561995465  384.5438 
  12.567800454  375.23932 
  12.573605442  370.89545 
  12.579410431  370.48755 
  12.585215420  371.28012 
  12.591020408  373.0496 
  12.596825397  376.07193 
  12.602630385  378.26807 
  12.608435374  380.35397 
  12.614240363  382.40332 
  12.620045351  385.62054 
  12.625850340  388.9043 
  12.631655329  391.60052 
  12.637460317  393.33478 
  12.643265306  393.97705 
  12.649070295  393.9402 
  12.654875283  394.5187 
  12.660680272  394.06595 
  12.666485261  392.9576 
  12.672290249  392.734 
  12.678095238  392.38232 
  12.683900227  392.75766 
  12.689705215  394.2055 
  12.695510204  394.76544 
  12.701315193  395.1912 
  12.707120181  395.2069 
  12.712925170  395.00827 
  12.718730159  395.00687 
  12.724535147  394.81412 
  12.730340136  395.0843 
  12.736145125  395.3779 
  12.741950113  395.78934 
  12.747755102  396.52762 
  12.753560091  397.0454 
  12.759365079  396.4182 
  12.765170068  396.00613 
  12.770975057  394.54715 
  12.776780045  393.27432 
  12.782585034  392.09985 
  12.788390023  390.34097 
  12.794195011  388.98477 
  12.800000000  387.9332 
  12.805804989  387.16714 
  12.811609977  386.49463 
  12.817414966  385.9702 
  12.823219955  385.89978 
  12.829024943  385.36646 
  12.834829932  385.49612 
  12.840634921  385.16714 
  12.846439909  384.32 
  12.852244898  384.3785 
  12.858049887  383.84152 
  12.863854875  382.98166 
  12.869659864  382.7771 
  12.875464853  381.77075 
  12.881269841  381.18484 
  12.887074830  380.3826 
  12.892879819  377.3985 
  12.898684807  378.1638 
  12.904489796  374.48383 
  12.910294785  372.61102 
  12.916099773  372.81757 
  12.921904762  371.17664 
  12.927709751  369.08728 
  12.933514739  365.76624 
  12.939319728  361.71268 
  12.945124717  356.50882 
  12.950929705  351.5611 
  12.956734694  346.7385 
  12.962539683  342.5774 
  12.968344671  340.4507 
  12.974149660  340.13425 
  12.979954649  339.41403 
  12.985759637  339.56897 
  12.991564626  338.98456 
  12.997369615  339.4623 
  13.003174603  341.32547 
  13.008979592  343.30478 
  13.014784580  346.33322 
  13.020589569  348.783 
  13.026394558  350.612 
  13.032199546  352.27533 
  13.038004535  353.39972 
  13.043809524  354.076 
  13.049614512  354.54437 
  13.055419501  354.72372 
  13.061224490  354.65433 
  13.067029478  354.5521 
  13.072834467  355.17825 
  13.078639456  357.0852 
  13.084444444  359.9587 
  13.090249433  363.03763 
  13.096054422  365.817 
  13.101859410  367.7528 
  13.107664399  368.36218 
  13.113469388  368.05753 
  13.119274376  366.3679 
  13.125079365  364.02106 
  13.130884354  360.99374 
  13.136689342  357.83505 
  13.142494331  355.07983 
  13.148299320  352.6952 
  13.154104308  351.1672 
  13.159909297  348.37875 
  13.165714286  345.20404 
  13.171519274  341.97766 
  13.177324263  338.70673 
  13.183129252  335.82858 
  13.188934240  334.35193 
  13.194739229  332.85458 
  13.200544218  331.36047 
  13.206349206  329.6378 
  13.212154195  326.9078 
  13.217959184  324.04932 
  13.223764172  321.17606 
  13.229569161  319.56357 
  13.235374150  318.7612 
  13.241179138  318.80096 
  13.246984127  320.6677 
  13.252789116  322.8123 
  13.258594104  324.7369 
  13.264399093  328.09042 
  13.270204082  330.55765 
  13.276009070  333.02 
  13.281814059  335.7497 
  13.287619048  338.67905 
  13.293424036  342.36438 
  13.299229025  344.61514 
  13.305034014  345.99326 
  13.310839002  345.86823 
  13.316643991  344.42264 
  13.322448980  343.37082 
  13.328253968  341.40863 
  13.334058957  339.8262 
  13.339863946  337.81946 
  13.345668934  334.6954 
  13.351473923  332.38657 
  13.357278912  330.28397 
  13.363083900  328.30518 
  13.368888889  326.40445 
  13.374693878  324.34613 
  13.380498866  322.98273 
  13.386303855  321.77167 
  13.392108844  320.86725 
  13.397913832  320.19815 
  13.403718821  320.247 
  13.409523810  321.4258 
  13.415328798  323.40427 
  13.421133787  325.08194 
  13.426938776  325.88742 
  13.432743764  325.8897 
  13.438548753  325.33182 
  13.444353741  324.66504 
  13.450158730  322.8495 
  13.455963719  321.6671 
  13.572063492  283.64706 
  13.577868481  282.55603 
  13.583673469  283.00122 
  13.589478458  281.89603 
  13.595283447  282.2556 
  13.601088435  281.75458 
  13.606893424  280.8521 
  13.612698413  281.75952 
  13.618503401  280.10574 
  13.624308390  280.4052 
  13.630113379  280.35858 
  13.635918367  279.20273 
  13.641723356  278.9597 
  13.647528345  277.32065 
  13.653333333  275.3372 
  13.659138322  273.14978 
  13.664943311  269.85834 
  13.670748299  267.7504 
  13.676553288  264.56686 
  13.682358277  262.7216 
  13.688163265  259.60883 
  13.693968254  257.68616 
  13.699773243  254.90742 
  13.705578231  253.0383 
  13.711383220  250.34335 
  13.717188209  248.22736 
  13.722993197  245.4433 
  13.728798186  243.89697 
  13.734603175  242.27448 
  13.740408163  241.42133 
  13.746213152  240.58131 
  13.752018141  240.2388 
  13.757823129  240.05887 
  13.763628118  239.66243 
  13.769433107  239.90349 
  13.775238095  238.73991 
  13.781043084  238.26537 
  13.786848073  237.05357 
  13.792653061  235.32922 
  13.798458050  233.7355 
  13.804263039  230.86874 
  13.810068027  228.09631 
  13.815873016  225.81798 
  13.821678005  223.09375 
  13.827482993  220.064 
  13.833287982  218.39265 
  13.839092971  217.08257 
  13.844897959  215.92073 
  13.850702948  216.3431 
  13.856507937  216.9188 
  13.862312925  218.82751 
  13.868117914  220.15862 
  13.873922902  221.17084 
  13.879727891  221.81389 
  13.885532880  222.52896 
  13.891337868  223.45712 
  13.897142857  224.18904 
  13.902947846  225.23389 
  13.908752834  226.15706 
  13.914557823  227.17029 
  13.920362812  227.81602 
  13.926167800  228.28569 
  13.931972789  228.47693 
  13.937777778  228.73203 
  13.943582766  229.5242 
  13.949387755  230.70775 
  13.955192744  232.59552 
  13.960997732  233.80377 
  13.966802721  234.67816 
  13.972607710  235.35056 
  13.978412698  235.72987 
  13.984217687  236.37085 
  13.990022676  237.6612 
  13.995827664  238.6184 
  14.001632653  240.0815 
  14.007437642  241.70564 
  14.013242630  243.3575 
  14.019047619  244.4023 
  14.024852608  245.00005 
  14.030657596  245.88324 
  14.036462585  246.32532 
  14.042267574  246.99019 
  14.048072562  246.8437 
  14.053877551  245.01767 
  14.059682540  243.09486 
  14.065487528  241.4831 
  14.071292517  240.35509 
  14.077097506  239.8955 
  14.082902494  239.35593 
  14.088707483  238.8684 
  14.094512472  238.1512 
  14.100317460  237.51015 
  14.106122449  237.11671 
  14.111927438  236.63142 
  14.117732426  236.25969 
  14.123537415  235.78261 
  14.129342404  235.14032 
  14.135147392  234.34744 
  14.140952381  232.39987 
  14.222222222  251.88747 
  14.228027211  250.05733 
  14.233832200  249.84747 
  14.239637188  249.30328 
  14.245442177  248.97414 
  14.251247166  249.28773 
  14.257052154  248.08823 
  14.262857143  246.89009 
  14.268662132  245.3305 
  14.274467120  243.42998 
  14.280272109  242.01508 
  14.286077098  242.65341 
  14.291882086  241.39133 
  14.297687075  240.21733 
  14.303492063  240.1045 
  14.309297052  237.88412 
  14.315102041  237.07414 
  14.320907029  237.03119 
  14.326712018  235.31306 
  14.332517007  237.58014 
  14.338321995  240.0217 
  14.344126984  243.47597 
  14.349931973  245.01282 
  14.355736961  245.62572 
  14.361541950  246.48116 
  14.367346939  245.31122 
  14.373151927  244.87703 
  14.378956916  244.02054 
  14.384761905  243.39278 
  14.390566893  242.7824 
  14.396371882  242.95946 
  14.402176871  243.86473 
  14.407981859  245.22899 
  14.413786848  246.52461 
  14.419591837  246.62883 
  14.425396825  247.27904 
  14.431201814  247.0894 
  14.437006803  245.93338 
  14.442811791  247.4584 
  14.512471655  263.99136 
  14.518276644  270.0328 
  14.524081633  272.449 
  14.529886621  275.975 
  14.535691610  278.95868 
  14.541496599  281.6989 
  14.547301587  284.8623 
  14.553106576  288.34894 
  14.558911565  291.03845 
  14.564716553  293.68677 
  14.570521542  296.83716 
  14.576326531  298.969 
  14.582131519  300.52356 
  14.587936508  302.70984 
  14.593741497  303.58142 
  14.599546485  304.5333 
  14.605351474  305.35553 
  14.611156463  305.5931 
  14.616961451  306.19406 
  14.622766440  306.339 
  14.628571429  305.40622 
  14.634376417  304.67682 
  14.640181406  302.8079 
  14.645986395  301.56244 
  14.651791383  300.64105 
  14.657596372  299.8805 
  14.663401361  299.21744 
  14.669206349  297.72562 
  14.675011338  296.12628 
  14.680816327  294.523 
  14.686621315  292.18033 
  14.692426304  290.27448 
  14.698231293  288.09137 
  14.704036281  285.361 
  14.709841270  282.8401 
  14.715646259  279.3423 
  14.721451247  275.76636 
  14.727256236  272.82907 
  14.733061224  270.72177 
  14.738866213  268.882 
  14.744671202  267.17966 
  14.750476190  265.93304 
  14.756281179  264.16727 
  14.762086168  262.8812 
  14.767891156  260.97937 
  14.773696145  259.22794 
  14.779501134  258.5008 
  14.785306122  258.5422 
  14.791111111  258.8133 
  14.796916100  259.38705 
  14.802721088  259.9596 
  14.808526077  259.9218 
  14.814331066  260.08975 
  14.820136054  260.03238 
  14.825941043  259.14783 
  14.831746032  258.37323 
  14.837551020  257.66574 
  14.843356009  254.37842 
  14.930430839  241.39333 
  14.936235828  238.072 
  14.942040816  235.79994 
  14.947845805  233.78851 
  14.953650794  232.09451 
  14.959455782  230.56331 
  14.965260771  229.68384 
  14.971065760  228.6325 
  14.976870748  228.00455 
  14.982675737  227.17204 
  14.988480726  226.48816 
  14.994285714  226.3535 
  15.000090703  226.54642 
  15.005895692  227.27136 
  15.011700680  228.07762 
  15.017505669  228.71362 
  15.023310658  229.46828 
  15.029115646  230.80875 
  15.034920635  232.61803 
  15.040725624  235.46169 
  15.046530612  237.2104 
  15.052335601  238.09369 
  15.058140590  238.8103 
  15.063945578  239.66843 
  15.069750567  240.07057 
  15.075555556  240.18883 
  15.081360544  240.40674 
  15.087165533  240.32167 
  15.092970522  240.30006 
  15.098775510  240.4994 
  15.104580499  240.27025 
  15.110385488  240.13843 
  15.116190476  240.1351 
  15.121995465  239.9318 
  15.127800454  239.69116 
  15.133605442  239.29126 
  15.139410431  238.61748 
  15.145215420  237.64743 
  15.151020408  237.08974 
  15.156825397  236.64264 
  15.162630385  236.00536 
  15.168435374  236.00342 
  15.174240363  235.58234 
  15.180045351  235.13068 
  15.185850340  235.0166 
  15.191655329  235.03983 
  15.197460317  235.29909 
  15.203265306  236.03027 
  15.209070295  236.85458 
  15.214875283  237.42143 
  15.220680272  238.10144 
  15.226485261  238.55846 
  15.232290249  239.15273 
  15.238095238  240.20543 
  15.243900227  240.79247 
  15.249705215  241.5271 
  15.255510204  241.66978 
  15.261315193  241.66002 
  15.267120181  242.48532 
  15.272925170  242.12184 
  15.278730159  243.36388 
  15.284535147  245.86165 
  15.290340136  243.12314 
  15.296145125  245.80196 
  15.301950113  246.96931 
  15.307755102  249.01048 
  15.313560091  250.7231 
  15.319365079  252.76488 
  15.325170068  255.30722 
  15.330975057  258.09988 
  15.336780045  260.11465 
  15.342585034  262.64108 
  15.348390023  263.51956 
  15.354195011  264.703 
  15.360000000  265.43277 
  15.365804989  266.43155 
  15.371609977  267.41116 
  15.377414966  268.63892 
  15.383219955  269.64294 
  15.389024943  270.47083 
  15.394829932  271.65283 
  15.400634921  272.1541 
  15.406439909  272.62796 
  15.412244898  272.844 
  15.418049887  272.9895 
  15.423854875  273.3491 
  15.429659864  273.5679 
  15.435464853  273.58215 
  15.441269841  273.04153 
  15.447074830  272.68063 
  15.452879819  272.9599 
  15.458684807  273.67352 
  15.464489796  274.9912 
  15.470294785  275.87695 
  15.476099773  276.43533 
  15.481904762  277.37546 
  15.487709751  279.2126 
  15.493514739  280.36786 
  15.499319728  281.2185 
  15.505124717  282.06705 
  15.510929705  282.21014 
  15.516734694  283.6535 
  15.522539683  286.0384 
  15.528344671  286.9729 
  15.534149660  288.33926 
  15.539954649  288.63983 
  15.545759637  289.98117 
  15.551564626  291.47415 
  15.557369615  292.75156 
  15.563174603  294.6675 
  15.568979592  296.50485 
  15.574784580  297.79138 
  15.580589569  299.21793 
  15.586394558  300.81787 
  15.592199546  306.19333 
  15.598004535  319.4553 
  15.603809524  326.00293 
  15.609614512  330.5094 
  15.615419501  333.58603 
  15.621224490  336.00595 
  15.627029478  338.19247 
  15.632834467  339.85648 
  15.638639456  341.60623 
  15.644444444  343.38574 
  15.650249433  345.84244 
  15.656054422  349.06342 
  15.661859410  350.8386 
  15.667664399  352.32037 
  15.673469388  352.5941 
  15.679274376  352.37094 
  15.685079365  352.92532 
  15.690884354  352.88986 
  15.696689342  352.95117 
  15.702494331  352.58603 
  15.708299320  353.01602 
  15.714104308  353.9449 
  15.719909297  355.32013 
  15.725714286  356.44025 
  15.731519274  356.98074 
  15.737324263  356.85748 
  15.743129252  357.02316 
  15.748934240  357.5896 
  15.754739229  358.30634 
  15.760544218  359.6138 
  15.766349206  360.50592 
  15.772154195  360.93643 
  15.777959184  361.10922 
  15.783764172  360.9461 
  15.789569161  359.7578 
  15.795374150  358.5562 
  15.801179138  356.55548 
  15.806984127  354.53818 
  15.812789116  353.01126 
  15.818594104  351.16586 
  15.824399093  349.43295 
  15.830204082  347.16318 
  15.836009070  344.0129 
  15.841814059  339.86533 
  15.847619048  335.35852 
  15.853424036  330.9239 
  15.859229025  327.94907 
  15.865034014  326.6868 
  15.870839002  327.158 
  15.876643991  329.16327 
  15.882448980  331.94592 
  15.888253968  335.21994 
  15.894058957  338.79626 
  15.899863946  341.6635 
  15.905668934  344.2072 
  15.911473923  345.52798 
  15.917278912  345.26108 
  15.923083900  344.02264 
  15.928888889  341.57053 
  15.934693878  338.89465 
  15.940498866  337.92102 
  15.946303855  338.72327 
  15.952108844  345.11505 
  15.957913832  352.67358 
  15.963718821  356.19534 
  15.969523810  360.2847 
  15.975328798  363.4557 
  15.981133787  366.92734 
  15.986938776  371.06924 
  15.992743764  374.98865 
  15.998548753  379.07806 
  16.004353741  383.2293 
  16.010158730  388.85538 
  16.015963719  395.93173 
  16.021768707  403.4842 
  16.027573696  407.14297 
  16.033378685  409.23608 
  16.039183673  411.20712 
  16.044988662  410.3438 
  16.050793651  407.71786 
  16.056598639  399.97565 
  16.062403628  391.35962 
  16.068208617  387.4907 
  16.074013605  386.17258 
  16.079818594  385.85037 
  16.085623583  386.45355 
  16.091428571  386.73996 
  16.097233560  386.5096 
  16.103038549  385.15546 
  16.108843537  382.89093 
  16.114648526  379.38837 
  16.120453515  375.1122 
  16.126258503  369.9168 
  16.132063492  365.03934 
  16.137868481  359.62677 
  16.143673469  354.9177 
  16.149478458  350.8916 
  16.155283447  347.53647 
  16.161088435  343.23935 
  16.166893424  336.82816 
  16.172698413  332.55603 
  16.178503401  329.31012 
  16.184308390  326.04184 
  16.190113379  322.35745 
  16.195918367  318.05768 
  16.201723356  314.7055 
  16.207528345  312.11224 
  16.213333333  310.17694 
  16.219138322  306.48624 
  16.224943311  300.7565 
  16.230748299  296.65927 
  16.236553288  294.38254 
  16.242358277  291.7607 
  16.248163265  289.05334 
  16.253968254  286.4154 
  16.259773243  283.2787 
  16.265578231  280.57663 
  16.271383220  278.24866 
  16.277188209  276.20782 
  16.282993197  275.15823 
  16.288798186  275.5347 
  16.294603175  274.48898 
  16.300408163  275.10965 
  16.306213152  276.55853 
  16.312018141  278.0838 
  16.317823129  279.8144 
  16.323628118  282.81937 
  16.329433107  283.2454 
  16.335238095  283.85254 
  16.341043084  282.9808 
  16.346848073  283.05542 
  16.352653061  283.8743 
  16.358458050  284.7266 
  16.364263039  286.08273 
  16.370068027  286.40778 
  16.375873016  287.19052 
  16.381678005  287.99036 
  16.387482993  288.67755 
  16.393287982  288.8414 
  16.399092971  288.54996 
  16.404897959  288.4398 
  16.410702948  289.3484 
  16.416507937  292.34274 
  16.422312925  294.58847 
  16.428117914  295.99158 
  16.433922902  297.0414 
  16.439727891  299.1781 
  16.445532880  301.78036 
  16.451337868  304.36273 
  16.457142857  306.13052 
  16.462947846  308.04474 
  16.468752834  310.4386 
  16.474557823  313.5216 
  16.480362812  317.31686 
  16.486167800  322.1185 
  16.491972789  326.18872 
  16.497777778  330.1634 
  16.503582766  333.92087 
  16.509387755  334.70203 
  16.515192744  335.0678 
  16.520997732  334.2585 
  16.526802721  332.56873 
  16.532607710  331.80792 
  16.538412698  329.14563 
  16.544217687  326.80737 
  16.550022676  323.53845 
  16.555827664  320.01556 
  16.561632653  316.94788 
  16.567437642  314.06995 
  16.573242630  312.36584 
  16.579047619  311.38626 
  16.584852608  310.77844 
  16.590657596  310.6227 
  16.596462585  311.32523 
  16.602267574  313.2374 
  16.608072562  316.48325 
  16.613877551  321.54117 
  16.619682540  326.88742 
  16.625487528  331.32803 
  16.631292517  333.91263 
  16.637097506  336.4823 
  16.642902494  337.40878 
  16.648707483  338.0771 
  16.654512472  338.30722 
  16.660317460  336.21558 
  16.666122449  332.36624 
  16.671927438  327.93433 
  16.677732426  322.006 
  16.683537415  316.22464 
  16.689342404  309.23087 
  16.695147392  303.89688 
  16.700952381  296.50708 
  16.706757370  289.65967 
  16.712562358  282.9769 
  16.718367347  277.27444 
  16.724172336  274.03525 
  19.371247166  408.42816 
  19.377052154  407.4259 
  19.382857143  405.17245 
  19.388662132  403.41446 
  19.394467120  402.45996 
  19.400272109  402.03888 
  19.406077098  401.51538 
  19.411882086  400.8037 
  19.417687075  399.38577 
  19.423492063  398.0495 
  19.429297052  397.1993 
  19.435102041  395.81573 
  19.440907029  395.29486 
  19.446712018  394.6288 
  19.452517007  394.59644 
  19.458321995  395.15472 
  19.464126984  395.64532 
  19.469931973  397.37494 
  19.475736961  398.9764 
  19.481541950  401.2704 
  19.487346939  404.1251 
  19.493151927  406.88434 
  19.498956916  409.2301 
  19.504761905  411.41217 
  19.510566893  413.6993 
  19.516371882  416.73764 
  19.522176871  419.3246 
  19.527981859  420.73172 
  19.533786848  422.9878 
  19.539591837  424.1138 
  19.545396825  424.1639 
  19.551201814  423.89612 
  19.557006803  422.26633 
  19.562811791  421.15463 
  19.568616780  419.4718 
  19.574421769  417.49017 
  19.580226757  415.12433 
  19.586031746  411.67316 
  19.591836735  408.69284 
  19.597641723  405.68454 
  19.603446712  402.05118 
  19.609251701  401.6165 
  19.615056689  399.88513 
  19.620861678  398.2809 
  19.626666667  398.11636 
  19.632471655  396.6668 
  19.638276644  396.4371 
  19.644081633  396.50348 
  19.649886621  396.46146 
  19.655691610  397.61792 
  19.661496599  397.79587 
  19.667301587  399.17145 
  19.673106576  400.38852 
  19.678911565  400.51776 
  19.684716553  402.39886 
  19.690521542  403.06625 
  19.696326531  404.09872 
  19.702131519  405.04904 
  19.707936508  403.7782 
  19.713741497  403.90686 
  19.719546485  402.71362 
  19.725351474  402.03342 
  19.731156463  402.41965 
  19.736961451  401.02972 
  19.742766440  401.39697 
  19.748571429  401.292 
  19.754376417  401.17975 
  19.760181406  401.62097 
  19.765986395  401.92365 
  19.771791383  402.99023 
  19.777596372  404.24808 
  19.783401361  406.41864 
  19.789206349  408.99936 
  19.795011338  411.83963 
  19.800816327  413.93866 
  19.806621315  415.73575 
  19.812426304  418.16058 
  19.818231293  420.34753 
  19.824036281  418.92554 
  19.829841270  410.9629 
  19.835646259  405.37445 
  19.841451247  398.36462 
  19.847256236  389.07172 
  19.853061224  381.39648 
  19.916916100  380.01382 
  19.922721088  379.23087 
  19.928526077  386.18365 
  19.934331066  393.21246 
  19.940136054  399.4175 
  19.945941043  399.75742 
  19.951746032  397.5166 
  19.957551020  392.7182 
  19.963356009  388.30145 
  19.969160998  386.98984 
  19.974965986  386.5348 
  19.980770975  388.54492 
  19.986575964  390.99722 
  19.992380952  392.14633 
  19.998185941  393.0651 
  20.003990930  394.28046 
  20.009795918  395.5411 
  20.015600907  398.06506 
  20.021405896  399.53088 
  20.027210884  400.00974 
  20.033015873  399.97995 
  20.038820862  397.4705 
  20.044625850  394.1742 
  20.050430839  389.33673 
  20.056235828  385.354 
  20.062040816  381.53882 
  20.067845805  377.83936 
  20.073650794  375.42715 
  20.079455782  372.9995 
  20.108480726  295.08804 
  20.114285714  290.4098 
  20.120090703  288.39627 
  20.125895692  289.05713 
  20.131700680  292.10352 
  20.137505669  301.3322 
  20.143310658  314.10614 
  20.149115646  329.09897 
  20.154920635  346.34824 
  20.160725624  359.7047 
  20.166530612  372.55658 
  20.172335601  385.28772 
  20.178140590  395.283 
  20.183945578  400.07407 
  20.189750567  403.55264 
  20.195555556  404.67175 
  20.201360544  405.58047 
  20.207165533  405.54282 
  20.212970522  405.99567 
  20.218775510  411.45538 
  20.224580499  417.55695 
  20.230385488  425.71198 
  20.236190476  434.60406 
  20.241995465  441.66473 
  20.247800454  445.43478 
  20.253605442  445.43732 
  20.259410431  444.62213 
  20.265215420  442.03046 
  20.271020408  437.39404 
  20.276825397  433.77036 
  20.282630385  429.3365 
  20.288435374  427.36914 
  20.294240363  425.49997 
  20.300045351  423.3795 
  20.305850340  422.5571 
  20.311655329  421.91388 
  20.317460317  421.3675 
  20.323265306  421.42676 
  20.329070295  421.73645 
  20.334875283  421.2436 
  20.340680272  421.5206 
  20.346485261  421.11533 
  20.352290249  421.21503 
  20.358095238  421.19476 
  20.363900227  421.82416 
  20.369705215  422.09872 
  20.375510204  421.2996 
  20.381315193  423.62833 
  20.387120181  422.97952 
  20.392925170  424.3443 
  20.398730159  425.54852 
  20.404535147  424.18805 
  20.410340136  425.14584 
  20.416145125  424.45746 
  20.421950113  425.0739 
  20.427755102  425.86017 
  20.433560091  426.54288 
  20.439365079  427.54233 
  20.445170068  426.16754 
  20.450975057  426.00574 
  20.456780045  425.16385 
  20.462585034  422.8919 
  20.468390023  423.7067 
  20.474195011  422.8754 
  20.480000000  421.5908 
  20.485804989  421.5452 
  20.491609977  417.49023 
  20.497414966  414.23495 
  20.503219955  411.61273 
  20.509024943  410.43747 
  20.514829932  410.43164 
  20.520634921  408.46967 
  20.526439909  407.56592 
  20.532244898  405.34598 
  20.538049887  403.22565 
  20.543854875  401.4193 
  20.549659864  399.31744 
  20.555464853  398.37354 
  20.561269841  397.53302 
  20.567074830  396.99353 
  20.572879819  397.35138 
  20.578684807  397.81647 
  20.584489796  398.34094 
  20.590294785  399.94427 
  20.596099773  399.71292 
  20.601904762  399.63556 
  20.607709751  399.21085 
  20.613514739  397.80966 
  20.619319728  397.5971 
  20.625124717  397.15985 
  20.630929705  397.75735 
  20.636734694  397.73083 
  20.642539683  397.50214 
  20.648344671  397.99686 
  20.654149660  397.91925 
  20.659954649  398.6317 
  20.665759637  399.60043 
  20.671564626  400.05438 
  20.677369615  401.7341 
  20.683174603  403.6238 
  20.688979592  406.2274 
  20.694784580  409.13947 
  20.700589569  410.33643 
  20.706394558  411.6392 
  20.712199546  411.57968 
  20.718004535  408.7811 
  20.799274376  333.56226 
  20.805079365  341.7605 
  20.810884354  349.0622 
  20.816689342  356.7055 
  20.822494331  363.6583 
  20.828299320  369.8177 
  20.834104308  373.40143 
  20.839909297  374.38556 
  20.845714286  375.0411 
  20.851519274  375.49338 
  20.857324263  375.8639 
  20.863129252  376.10992 
  20.868934240  376.1045 
  20.874739229  375.71924 
  20.880544218  375.28918 
  20.886349206  375.0215 
  20.892154195  375.14377 
  20.897959184  375.43747 
  20.903764172  375.42706 
  20.909569161  375.2218 
  20.915374150  374.07138 
  20.921179138  372.7597 
  20.926984127  371.34866 
  20.932789116  370.28284 
  20.938594104  369.49667 
  20.944399093  368.52045 
  20.950204082  367.9086 
  20.956009070  367.37433 
  20.961814059  367.74823 
  20.967619048  368.49234 
  20.973424036  369.01672 
  20.979229025  370.21533 
  20.985034014  370.80518 
  20.990839002  371.14954 
  20.996643991  371.96106 
  21.002448980  371.62997 
  21.008253968  371.85522 
  21.014058957  372.3182 
  21.019863946  371.8521 
  21.025668934  372.30505 
  21.031473923  371.76938 
  21.037278912  371.0125 
  21.043083900  370.94592 
  21.048888889  369.60205 
  21.054693878  369.08875 
  21.060498866  367.82715 
  21.066303855  367.4615 
  21.072108844  368.4593 
  21.077913832  368.85132 
  21.083718821  370.0393 
  21.089523810  370.97427 
  21.095328798  371.82462 
  21.101133787  373.5225 
  21.106938776  374.84833 
  21.112743764  376.4229 
  21.118548753  377.43216 
  21.124353741  377.93658 
  21.130158730  378.5906 
  21.135963719  377.9418 
  21.141768707  377.26727 
  21.147573696  375.98688 
  21.153378685  373.95584 
  21.159183673  372.37033 
  21.164988662  370.4069 
  21.170793651  369.2087 
  21.176598639  367.64264 
  21.182403628  364.8725 
  21.188208617  362.02664 
  21.194013605  357.53015 
  21.199818594  337.80972 
  21.205623583  340.6485 
  21.211428571  347.12418 
  21.217233560  350.1773 
  21.223038549  352.33136 
  21.228843537  348.58972 
  21.252063492  280.45322 
  21.257868481  276.6674 
  21.263673469  275.54636 
  21.269478458  276.61032 
  21.275283447  277.72067 
  21.281088435  279.33426 
  21.286893424  280.92065 
  21.292698413  282.51407 
  21.298503401  283.91345 
  21.304308390  285.71396 
  21.310113379  287.27716 
  21.315918367  288.92273 
  21.321723356  289.88525 
  21.327528345  290.44943 
  21.333333333  290.4594 
  21.339138322  289.64386 
  21.344943311  289.11316 
  21.350748299  288.40448 
  21.356553288  287.89542 
  21.362358277  287.0909 
  21.368163265  286.5622 
  21.373968254  286.3747 
  21.379773243  286.03696 
  21.385578231  285.7895 
  21.391383220  284.5825 
  21.397188209  282.85315 
  21.402993197  280.83017 
  21.408798186  279.56827 
  21.414603175  278.83615 
  21.420408163  279.47964 
  21.426213152  279.35657 
  21.432018141  276.03876 
  21.437823129  270.77295 
  21.443628118  264.6547 
  21.548117914  294.56018 
  21.553922902  289.52118 
  21.559727891  282.75476 
  21.565532880  277.6317 
  21.571337868  272.30215 
  21.577142857  269.32178 
  21.582947846  267.29227 
  21.588752834  265.72873 
  21.594557823  264.63962 
  21.600362812  263.41174 
  21.606167800  262.8298 
  21.611972789  262.17355 
  21.617777778  262.1019 
  21.623582766  262.02533 
  21.629387755  261.83768 
  21.635192744  261.51224 
  21.640997732  260.9487 
  21.646802721  260.00223 
  21.652607710  259.20053 
  21.658412698  257.27847 
  21.664217687  256.4039 
  21.670022676  254.87735 
  21.675827664  253.8603 
  21.681632653  252.04683 
  21.687437642  250.9308 
  21.693242630  249.67578 
  21.699047619  248.84724 
  21.704852608  248.33081 
  21.710657596  247.94426 
  21.716462585  247.69623 
  21.722267574  248.49892 
  21.728072562  249.78766 
  21.733877551  252.70923 
  21.739682540  254.66837 
  21.745487528  256.3758 
  21.751292517  257.25955 
  21.757097506  257.2709 
  21.762902494  257.1465 
  21.768707483  255.46147 
  21.774512472  253.35738 
  21.780317460  251.265 
  21.786122449  249.1235 
  21.791927438  247.16869 
  21.797732426  246.00378 
  21.803537415  245.08661 
  21.809342404  244.30598 
  21.815147392  243.97818 
  21.820952381  243.70236 
  21.826757370  243.6701 
  21.832562358  243.63826 
  21.838367347  243.65674 
  21.844172336  243.82861 
  21.849977324  244.53891 
  21.855782313  245.08556 
  21.861587302  245.73602 
  21.867392290  246.54314 
  21.873197279  246.90425 
  21.879002268  247.48737 
  21.884807256  248.30173 
  21.890612245  249.90562 
  21.896417234  251.62082 
  21.902222222  257.28748 
  21.908027211  262.05975 
  21.913832200  266.9776 
  21.919637188  269.9928 
  21.925442177  272.5873 
  21.931247166  275.26 
  21.937052154  278.58908 
  21.942857143  280.6568 
  21.948662132  282.48944 
  21.954467120  284.14853 
  21.960272109  285.11267 
  21.966077098  286.04688 
  21.971882086  286.73154 
  21.977687075  288.09036 
  21.983492063  289.7073 
  21.989297052  291.18155 
  21.995102041  293.58545 
  22.000907029  295.95782 
  22.006712018  299.0943 
  22.012517007  301.4671 
  22.018321995  303.31946 
  22.024126984  303.62448 
  22.029931973  303.5525 
  22.035736961  303.23096 
  22.041541950  302.78018 
  22.047346939  302.89682 
  22.053151927  303.09158 
  22.058956916  303.0597 
  22.064761905  302.33795 
  22.070566893  300.76117 
  22.076371882  298.5493 
  22.082176871  296.1368 
  22.087981859  293.3596 
  22.093786848  290.46436 
  22.099591837  286.17126 
  22.105396825  282.76373 
  22.111201814  279.98398 
  22.117006803  276.9088 
  22.122811791  275.033 
  22.128616780  273.64047 
  22.134421769  273.0441 
  22.140226757  271.21616 
  22.146031746  268.98495 
  22.151836735  266.929 
  22.157641723  265.00906 
  22.163446712  264.19882 
  22.169251701  263.3997 
  22.175056689  262.34232 
  22.180861678  260.10672 
  22.186666667  258.9042 
  22.192471655  256.86124 
  22.198276644  255.74893 
  22.204081633  253.63034 
  22.209886621  252.21973 
  22.215691610  249.22923 
  22.221496599  247.83612 
  22.227301587  247.57397 
  22.233106576  246.4707 
  22.238911565  246.03981 
  22.244716553  245.0938 
  22.250521542  244.31644 
  22.256326531  243.07826 
  22.262131519  242.12679 
  22.267936508  240.78563 
  22.273741497  239.21924 
  22.279546485  238.18872 
  22.285351474  237.36586 
  22.291156463  237.0598 
  22.296961451  236.80913 
  22.302766440  236.52426 
  22.308571429  236.50288 
  22.314376417  236.68477 
  22.320181406  237.1229 
  22.325986395  237.53117 
  22.331791383  237.80676 
  22.337596372  237.98091 
  22.343401361  238.27452 
  22.349206349  238.0762 
  22.355011338  237.7966 
  22.360816327  237.55504 
  22.366621315  237.03984 
  22.372426304  236.51077 
  22.378231293  235.7546 
  22.384036281  235.02293 
  22.389841270  234.30087 
  22.395646259  234.06885 
  22.401451247  233.94937 
  22.407256236  233.7615 
  22.413061224  233.61142 
  22.418866213  233.29985 
  22.424671202  233.20523 
  22.430476190  233.69937 
  22.436281179  233.79967 
  22.442086168  234.18521 
  22.447891156  234.63358 
  22.453696145  234.91261 
  22.459501134  234.98105 
  22.465306122  234.90251 
  22.471111111  234.48833 
  22.476916100  233.78651 
  22.482721088  232.85895 
  22.488526077  231.92639 
  22.494331066  231.59602 
  22.500136054  231.23648 
  22.505941043  231.01741 
  22.511746032  231.20587 
  22.517551020  231.29068 
  22.523356009  231.63249 
  22.529160998  232.41595 
  22.534965986  233.09482 
  22.540770975  234.00812 
  22.546575964  235.28963 
  22.552380952  236.61221 
  22.558185941  237.7826 
  22.563990930  238.63727 
  22.569795918  239.49449 
  22.575600907  240.31802 
  22.581405896  241.36133 
  22.587210884  242.56105 
  22.593015873  243.38219 
  22.598820862  244.5086 
  22.604625850  245.11513 
  22.610430839  245.69858 
  22.616235828  246.1 
  22.622040816  245.81401 
  22.627845805  245.10777 
  22.633650794  244.0934 
  22.639455782  242.37346 
  22.645260771  240.99576 
  22.651065760  239.294 
  22.656870748  237.66176 
  22.662675737  236.34651 
  22.668480726  234.31798 
  22.674285714  233.04195 
  22.680090703  230.5438 
  22.685895692  228.30316 
  22.691700680  225.11101 
  22.697505669  239.79204 
  22.703310658  251.9924 
  22.709115646  259.49304 
  22.714920635  264.0232 
  22.720725624  270.5233 
  22.726530612  274.21722 
  22.732335601  276.46796 
  22.738140590  277.3282 
  22.743945578  278.09256 
  22.749750567  278.16266 
  22.755555556  277.8061 
  22.761360544  277.52133 
  22.767165533  277.96814 
  22.772970522  278.49423 
  22.778775510  279.21436 
  22.784580499  279.61282 
  22.790385488  279.92142 
  22.796190476  280.33615 
  22.801995465  280.73172 
  22.807800454  281.1903 
  22.813605442  281.30377 
  22.819410431  281.56564 
  22.825215420  282.11908 
  22.831020408  282.00436 
  22.836825397  282.61353 
  22.842630385  282.648 
  22.848435374  283.54407 
  22.854240363  284.9315 
  22.860045351  286.7201 
  22.865850340  289.41425 
  22.871655329  291.48892 
  22.877460317  294.42065 
  22.883265306  297.0828 
  22.889070295  299.05603 
  22.894875283  299.72342 
  22.900680272  300.49902 
  22.906485261  300.09235 
  22.912290249  299.40158 
  22.918095238  299.13278 
  22.923900227  297.56488 
  22.929705215  296.15576 
  22.935510204  294.35226 
  22.941315193  291.4125 
  22.947120181  287.55145 
  22.952925170  284.4876 
  22.958730159  280.4572 
  22.964535147  276.33035 
  22.970340136  272.34833 
  22.976145125  268.11035 
  22.981950113  264.03726 
  22.987755102  260.55182 
  22.993560091  258.2097 
  22.999365079  256.31107 
  23.005170068  254.8608 
  23.010975057  253.92363 
  23.016780045  253.42969 
  23.022585034  252.95447 
  23.028390023  252.45915 
  23.034195011  251.80017 
  23.040000000  251.86484 
  23.045804989  252.26703 
  23.051609977  253.67148 
  23.057414966  255.11534 
  23.063219955  256.89438 
  23.069024943  257.79688 
  23.074829932  258.60156 
  23.080634921  258.0857 
  23.086439909  256.73773 
  23.092244898  254.7758 
  23.098049887  247.23816 
  23.103854875  243.05824 
  23.109659864  241.81255 
  23.115464853  242.68477 
  23.121269841  243.03146 
  23.127074830  242.4892 
  23.132879819  242.64801 
  23.138684807  241.92665 
  23.144489796  241.9359 
  23.150294785  241.89859 
  23.156099773  241.50859 
  23.161904762  241.08188 
  23.167709751  240.52591 
  23.173514739  239.43214 
  23.179319728  238.82101 
  23.185124717  239.03334 
  23.190929705  239.27992 
  23.196734694  240.12291 
  23.202539683  240.6715 
  23.208344671  241.06139 
  23.214149660  241.33101 
  23.219954649  241.48837 
  23.225759637  241.81883 
  23.231564626  242.1258 
  23.237369615  242.3075 
  23.243174603  242.5715 
  23.248979592  242.49432 
  23.254784580  242.37447 
  23.260589569  241.73993 
  23.266394558  240.63457 
  23.272199546  239.04642 
  23.278004535  237.36382 
  23.283809524  235.62642 
  23.289614512  234.06035 
  23.295419501  232.92906 
  23.301224490  232.57562 
  23.307029478  232.44148 
  23.312834467  232.6214 
  23.318639456  235.98157 
  23.324444444  240.4211 
  23.417324263  319.18692 
  23.423129252  318.6035 
  23.428934240  320.40317 
  23.434739229  320.57043 
  23.440544218  319.4247 
  23.446349206  317.51776 
  23.452154195  313.63275 
  23.457959184  308.99152 
  23.463764172  304.97568 
  23.469569161  300.17838 
  23.475374150  293.00543 
  23.481179138  288.3291 
  23.486984127  286.7544 
  23.492789116  286.0693 
  23.498594104  286.43793 
  23.504399093  286.14642 
  23.510204082  283.70978 
  23.516009070  281.626 
  23.521814059  279.95056 
  23.527619048  280.23236 
  23.533424036  280.94165 
  23.539229025  282.514 
  23.545034014  284.511 
  23.550839002  285.3365 
  23.556643991  285.99756 
  23.562448980  286.75137 
  23.568253968  287.92538 
  23.574058957  290.03488 
  23.579863946  292.95102 
  23.585668934  295.93234 
  23.591473923  297.3899 
  23.597278912  299.7722 
  23.603083900  302.26334 
  23.608888889  304.7366 
  23.614693878  306.77844 
  23.620498866  309.08215 
  23.626303855  309.98807 
  23.632108844  311.35583 
  23.637913832  312.3617 
  23.643718821  312.87567 
  23.649523810  313.39148 
  23.655328798  313.44684 
  23.661133787  313.03717 
  23.666938776  312.48746 
  23.672743764  312.8449 
  23.678548753  312.51218 
  23.684353741  313.2308 
  23.690158730  312.78705 
  23.695963719  312.68335 
  23.701768707  312.79718 
  23.707573696  311.9468 
  23.713378685  311.86603 
  23.719183673  310.20462 
  23.724988662  309.05554 
  23.730793651  308.2045 
  23.736598639  307.44156 
  23.742403628  306.71143 
  23.748208617  306.3614 
  23.754013605  306.40933 
  23.759818594  306.7992 
  23.765623583  308.24655 
  23.771428571  309.51852 
  23.777233560  310.66272 
  23.783038549  310.84726 
  23.788843537  310.3196 
  23.794648526  309.50916 
  23.800453515  308.28745 
  23.806258503  306.70285 
  23.812063492  306.48413 
  23.817868481  306.11472 
  23.823673469  305.5255 
  23.829478458  306.7039 
  23.835283447  305.79123 
  23.841088435  309.30643 
  23.846893424  313.15408 
  23.852698413  316.0378 
  23.858503401  318.00378 
  23.864308390  317.43018 
  23.870113379  316.43912 
  23.875918367  315.46136 
  23.881723356  314.94156 
  23.887528345  314.6388 
  23.893333333  313.54385 
  23.899138322  312.95605 
  23.904943311  312.09842 
  23.910748299  311.32794 
  23.916553288  311.8035 
  23.922358277  312.9528 
  23.928163265  315.8542 
  23.933968254  318.31592 
  23.939773243  322.48294 
  23.945578231  326.16498 
  23.951383220  329.70746 
  23.957188209  333.2146 
  23.962993197  336.32736 
  23.968798186  339.98514 
  23.974603175  343.2594 
  23.980408163  346.76172 
  23.986213152  351.04514 
  23.992018141  356.02054 
  23.997823129  360.37924 
  24.003628118  363.38 
  24.009433107  364.15994 
  24.015238095  364.45322 
  24.021043084  364.2773 
  24.026848073  364.6981 
  24.032653061  367.2955 
  24.038458050  369.88696 
  24.044263039  372.55807 
  24.050068027  374.6008 
  24.055873016  371.4129 
  24.061678005  363.6552 
  24.067482993  353.88156 
  24.073287982  339.80322 
  24.079092971  324.64203 
  24.084897959  314.54193 
  24.183582766  396.7952 
  24.189387755  395.68283 
  24.195192744  394.00763 
  24.200997732  391.78296 
  24.206802721  389.0678 
  24.212607710  385.73248 
  24.218412698  383.1194 
  24.224217687  382.48828 
  24.230022676  381.8079 
  24.235827664  382.5987 
  24.241632653  383.0951 
  24.247437642  383.28882 
  24.253242630  382.77124 
  24.259047619  381.7176 
  24.264852608  379.47192 
  24.270657596  376.87317 
  24.276462585  375.59326 
  24.282267574  374.26465 
  24.288072562  374.35236 
  24.293877551  375.2847 
  24.299682540  376.38104 
  24.305487528  379.0664 
  24.311292517  382.42108 
  24.317097506  385.66223 
  24.322902494  387.55753 
  24.328707483  389.3978 
  24.334512472  391.57047 
  24.340317460  393.2582 
  24.346122449  394.88678 
  24.351927438  396.11377 
  24.357732426  396.80078 
  24.363537415  397.11365 
  24.369342404  397.05847 
  24.375147392  396.82114 
  24.380952381  395.8926 
  24.386757370  395.09473 
  24.392562358  394.46008 
  24.398367347  393.31564 
  24.404172336  392.34402 
  24.409977324  391.4819 
  24.415782313  390.83224 
  24.421587302  390.51337 
  24.427392290  391.47897 
  24.433197279  393.09308 
  24.439002268  395.37204 
  24.444807256  396.73392 
  24.450612245  397.6033 
  24.456417234  397.38306 
  24.462222222  395.89597 
  24.468027211  394.25705 
  24.473832200  392.29984 
  24.479637188  391.28354 
  24.485442177  390.9057 
  24.491247166  391.12045 
  24.497052154  391.45 
  24.502857143  391.10538 
  24.508662132  391.05124 
  24.514467120  389.62302 
  24.520272109  388.0529 
  24.526077098  387.0816 
  24.531882086  385.86783 
  24.537687075  385.75735 
  24.543492063  385.49677 
  24.549297052  384.93787 
  24.555102041  385.0982 
  24.560907029  384.8065 
  24.566712018  384.8067 
  24.572517007  384.56055 
  24.578321995  383.91028 
  24.584126984  383.57248 
  24.589931973  382.6147 
  24.595736961  381.92514 
  24.601541950  381.23984 
  24.607346939  380.23804 
  24.613151927  380.09988 
  24.618956916  380.23685 
  24.624761905  381.14517 
  24.630566893  382.4501 
  24.636371882  382.76547 
  24.642176871  382.75558 
  24.647981859  382.8595 
  24.653786848  383.81967 
  24.659591837  386.12842 
  24.665396825  388.94052 
  24.671201814  391.65045 
  24.677006803  394.1944 
  24.682811791  395.2459 
  24.688616780  396.70743 
  24.694421769  397.693 
  24.700226757  397.98627 
  24.706031746  397.85928 
  24.711836735  396.68784 
  24.717641723  395.99142 
  24.723446712  395.02182 
  24.729251701  393.3296 
  24.735056689  391.26938 
  24.740861678  389.42966 
  24.746666667  387.61618 
  24.752471655  386.31866 
  24.758276644  385.48672 
  24.764081633  385.1514 
  24.769886621  384.5744 
  24.775691610  383.18927 
  24.781496599  381.9941 
  24.787301587  381.20032 
  24.793106576  381.90765 
  24.798911565  384.09625 
  24.804716553  387.11435 
  24.810521542  389.79477 
  24.816326531  391.30273 
  24.822131519  392.05157 
  24.827936508  393.4033 
  24.833741497  394.44586 
  24.839546485  395.61865 
  24.845351474  396.67892 
  24.851156463  397.39935 
  24.856961451  397.91922 
  24.862766440  398.2487 
  24.868571429  397.8095 
  24.874376417  397.03818 
  24.880181406  395.6461 
  24.885986395  393.43948 
  24.891791383  391.65363 
  24.897596372  390.56656 
  24.903401361  389.76053 
  24.909206349  388.56708 
  24.915011338  387.61868 
  24.920816327  387.5535 
  24.926621315  387.70428 
  24.932426304  389.0867 
  24.938231293  390.86584 
  24.944036281  391.59982 
  24.949841270  392.6087 
  24.955646259  393.62784 
  24.961451247  394.8274 
  24.967256236  396.43283 
  24.973061224  397.861 
  24.978866213  398.28122 
  24.984671202  397.7826 
  24.990476190  396.41336 
  24.996281179  394.71338 
  25.002086168  392.69614 
  25.007891156  389.8975 
  25.013696145  387.49054 
  25.019501134  385.54245 
  25.025306122  384.23654 
  25.031111111  382.61285 
  25.036916100  381.8052 
  25.042721088  382.03336 
  25.048526077  382.25406 
  25.054331066  382.87323 
  25.060136054  382.93198 
  25.065941043  382.80795 
  25.071746032  382.6323 
  25.077551020  382.8171 
  25.083356009  383.5928 
  25.089160998  383.8667 
  25.094965986  384.00946 
  25.100770975  384.89594 
  25.106575964  385.74936 
  25.112380952  387.2792 
  25.118185941  388.27362 
  25.123990930  388.94537 
  25.129795918  389.29385 
  25.135600907  389.73615 
  25.141405896  391.24924 
  25.147210884  391.74197 
  25.153015873  392.27518 
  25.158820862  392.89127 
  25.164625850  392.50986 
  25.170430839  392.52075 
  25.176235828  392.18872 
  25.182040816  392.0434 
  25.187845805  391.84332 
  25.193650794  391.80032 
  25.199455782  392.3717 
  25.205260771  392.5554 
  25.211065760  393.30743 
  25.216870748  394.65265 
  25.222675737  395.3364 
  25.228480726  396.34018 
  25.234285714  396.9028 
  25.240090703  397.13602 
  25.245895692  397.83917 
  25.251700680  398.36765 
  25.257505669  399.90167 
  25.263310658  401.30725 
  25.269115646  401.83032 
  25.274920635  402.43042 
  25.280725624  402.61594 
  25.286530612  402.50043 
  25.292335601  402.8932 
  25.298140590  403.5176 
  25.303945578  404.6651 
  25.309750567  405.86197 
  25.315555556  406.45535 
  25.321360544  406.0618 
  25.327165533  405.62988 
  25.332970522  404.90964 
  25.338775510  404.3661 
  25.344580499  403.78857 
  25.350385488  402.1274 
  25.356190476  400.2342 
  25.361995465  397.93945 
  25.367800454  395.66928 
  25.373605442  393.80774 
  25.379410431  391.89487 
  25.385215420  390.71545 
  25.391020408  389.7285 
  25.396825397  388.01837 
  25.402630385  386.30115 
  25.408435374  384.81836 
  25.414240363  383.21472 
  25.420045351  382.19125 
  25.425850340  381.99564 
  25.431655329  381.9369 
  25.437460317  382.75528 
  25.443265306  383.93222 
  25.449070295  385.83502 
  25.454875283  388.42944 
  25.460680272  390.94583 
  25.466485261  393.7012 
  25.472290249  396.55182 
  25.478095238  398.27066 
  25.483900227  400.0743 
  25.489705215  401.69705 
  25.495510204  402.75403 
  25.501315193  403.05597 
  25.507120181  402.1246 
  25.512925170  401.06247 
  25.518730159  399.3085 
  25.524535147  396.98273 
  25.530340136  394.7291 
  25.536145125  391.63574 
  25.541950113  388.6462 
  25.547755102  385.06784 
  25.553560091  382.58493 
  25.559365079  380.88107 
  25.565170068  379.583 
  25.570975057  378.92496 
  25.576780045  379.91846 
  25.582585034  382.10202 
  25.588390023  384.60806 
  25.594195011  386.16132 
  25.600000000  387.9267 
  25.605804989  390.58276 
  25.611609977  393.7044 
  25.617414966  404.41382 
  25.623219955  409.34464 
  26.273378685  350.8685 
  26.279183673  344.32388 
  26.284988662  342.73145 
  26.290793651  340.58246 
  26.296598639  338.42633 
  26.302403628  336.94424 
  26.308208617  333.4876 
  26.314013605  330.5343 
  26.319818594  326.90878 
  26.331428571  356.339 
  26.337233560  378.9402 
  26.343038549  388.24945 
  26.348843537  391.02463 
  26.354648526  389.9333 
  26.360453515  386.6793 
  26.366258503  383.3027 
  26.372063492  378.6543 
  26.377868481  375.29477 
  26.383673469  371.60358 
  26.389478458  369.26443 
  26.395283447  367.7413 
  26.401088435  365.7036 
  26.406893424  364.78992 
  26.412698413  363.82568 
  26.418503401  363.96143 
  26.424308390  364.407 
  26.430113379  364.59473 
  26.435918367  364.4194 
  26.441723356  363.9281 
  26.447528345  363.7874 
  26.453333333  363.2022 
  26.459138322  362.88623 
  26.464943311  362.54553 
  26.470748299  360.74908 
  26.476553288  361.14728 
  26.482358277  360.33792 
  26.488163265  360.74664 
  26.493968254  362.218 
  26.499773243  362.49762 
  26.505578231  364.26218 
  26.511383220  365.46497 
  26.517188209  366.65982 
  26.522993197  367.89987 
  26.528798186  368.7878 
  26.534603175  369.58783 
  26.540408163  369.7676 
  26.546213152  370.4085 
  26.552018141  370.83356 
  26.557823129  370.95355 
  26.563628118  372.3356 
  26.569433107  371.5348 
  26.575238095  372.20242 
  26.581043084  372.61295 
  26.586848073  375.31744 
  26.592653061  379.46762 
  26.598458050  384.8373 
  26.604263039  389.10965 
  26.610068027  392.2675 
  26.615873016  393.91116 
  26.621678005  395.48453 
  26.627482993  396.58157 
  26.633287982  396.10095 
  26.639092971  395.53983 
  26.644897959  394.4445 
  26.650702948  394.58798 
  26.656507937  394.8126 
  26.662312925  396.36298 
  26.668117914  397.64508 
  26.673922902  398.86575 
  26.679727891  399.6246 
  26.685532880  399.73618 
  26.691337868  400.0819 
  26.697142857  399.846 
  26.702947846  400.26227 
  26.708752834  401.5669 
  26.714557823  402.3248 
  26.720362812  405.06372 
  26.726167800  406.93875 
  26.731972789  408.65927 
  26.737777778  411.48062 
  26.743582766  412.91116 
  26.749387755  416.63367 
  26.755192744  419.1663 
  26.760997732  422.53952 
  26.766802721  424.83643 
  26.772607710  425.89612 
  26.778412698  426.30066 
  26.784217687  426.42368 
  26.790022676  426.73166 
  26.795827664  426.3903 
  26.801632653  426.21506 
  26.807437642  426.14276 
  26.813242630  425.54376 
  26.819047619  426.16568 
  26.824852608  425.80078 
  26.830657596  425.213 
  26.836462585  424.5949 
  26.842267574  423.94693 
  26.848072562  422.7764 
  26.853877551  422.12372 
  26.859682540  421.79825 
  26.865487528  421.9312 
  26.871292517  423.05212 
  26.877097506  424.84097 
  26.882902494  426.25742 
  26.888707483  427.04834 
  26.894512472  427.39493 
  26.900317460  427.3516 
  26.906122449  427.34158 
  26.911927438  427.74393 
  26.917732426  428.2647 
  26.923537415  427.89688 
  26.929342404  427.20895 
  26.935147392  425.18436 
  26.940952381  423.14883 
  26.946757370  420.56592 
  26.952562358  418.53445 
  26.958367347  417.27332 
  26.964172336  416.4928 
  26.969977324  416.4455 
  26.975782313  416.6097 
  26.981587302  416.82635 
  26.987392290  417.9695 
  26.993197279  418.86783 
  26.999002268  421.3116 
  27.004807256  423.2157 
  27.010612245  425.0104 
  27.016417234  427.19766 
  27.022222222  426.99463 
  27.028027211  427.8775 
  27.103492063  414.9497 
  27.109297052  410.1894 
  27.115102041  408.4067 
  27.120907029  407.5897 
  27.126712018  407.24146 
  27.132517007  406.66272 
  27.138321995  405.97217 
  27.144126984  406.18246 
  27.149931973  406.05505 
  27.155736961  406.31583 
  27.161541950  406.25092 
  27.167346939  405.90036 
  27.173151927  405.31677 
  27.178956916  404.25955 
  27.184761905  403.4544 
  27.190566893  402.78467 
  27.196371882  402.57526 
  27.202176871  402.57452 
  27.207981859  403.34412 
  27.213786848  404.11386 
  27.219591837  404.48035 
  27.225396825  404.4599 
  27.231201814  403.83252 
  27.237006803  403.30862 
  27.242811791  403.31094 
  27.248616780  403.58554 
  27.254421769  403.74872 
  27.260226757  403.6593 
  27.266031746  403.19287 
  27.271836735  402.61542 
  27.277641723  401.8613 
  27.283446712  402.1812 
  27.289251701  402.61978 
  27.295056689  403.02014 
  27.300861678  403.62616 
  27.306666667  400.01733 
  27.312471655  394.19012 
  27.318276644  385.7938 
  27.324081633  382.0009 
  27.329886621  380.19278 
  27.335691610  379.17285 
  27.341496599  376.7292 
  27.347301587  372.34125 
  27.353106576  367.49463 
  27.358911565  362.39746 
  27.364716553  357.2349 
  27.370521542  352.79642 
  27.376326531  348.97772 
  27.382131519  344.56653 
  27.387936508  344.99954 
  27.393741497  345.78897 
  27.399546485  346.35355 
  27.405351474  347.11017 
  27.411156463  345.4166 
  27.416961451  343.45364 
  27.422766440  342.13434 
  27.428571429  341.69366 
  27.434376417  342.31824 
  27.440181406  343.56427 
  27.445986395  345.87122 
  27.451791383  348.2063 
  27.457596372  349.8093 
  27.463401361  351.75653 
  27.469206349  353.58566 
  27.475011338  355.2297 
  27.480816327  356.56335 
  27.486621315  357.24924 
  27.492426304  357.9948 
  27.498231293  358.19287 
  27.504036281  358.2501 
  27.509841270  358.34445 
  27.515646259  357.6172 
  27.521451247  357.28592 
  27.527256236  356.83826 
  27.533061224  355.99484 
  27.538866213  355.72748 
  27.544671202  355.4452 
  27.550476190  355.6913 
  27.556281179  356.403 
  27.562086168  356.8713 
  27.567891156  357.5468 
  27.573696145  357.79758 
  27.579501134  357.7584 
  27.585306122  357.98425 
  27.591111111  357.93518 
  27.596916100  358.16882 
  27.602721088  358.6077 
  27.608526077  358.42883 
  27.614331066  358.5105 
  27.620136054  359.31848 
  27.625941043  359.70288 
  27.631746032  360.0315 
  27.637551020  359.84573 
  27.643356009  358