
  0.510839002  344.2603 
  0.516643991  355.61316 
  0.522448980  361.84464 
  0.528253968  364.31677 
  0.534058957  366.60956 
  0.539863946  368.9243 
  0.545668934  370.07248 
  0.551473923  372.1505 
  0.557278912  372.78058 
  0.563083900  372.9664 
  0.568888889  371.101 
  0.574693878  366.93787 
  0.580498866  362.06052 
  0.586303855  355.2839 
  0.592108844  346.805 
  0.597913832  331.7066 
  0.644353741  317.13223 
  0.650158730  328.29462 
  0.655963719  338.77332 
  0.661768707  346.27386 
  0.667573696  348.59787 
  0.673378685  352.24493 
  0.679183673  356.1889 
  0.684988662  356.33994 
  0.690793651  356.16702 
  0.696598639  355.0088 
  0.702403628  350.76517 
  0.708208617  347.44943 
  0.714013605  344.11652 
  0.719818594  340.5295 
  0.725623583  337.5643 
  0.731428571  334.18893 
  0.737233560  331.529 
  0.743038549  328.83264 
  0.748843537  326.12567 
  0.754648526  323.89957 
  0.760453515  322.29584 
  0.766258503  320.2761 
  0.772063492  318.03635 
  0.777868481  316.7519 
  0.783673469  314.38757 
  0.789478458  313.33563 
  0.795283447  311.35492 
  0.801088435  308.72427 
  0.806893424  305.6425 
  0.812698413  302.85968 
  0.818503401  301.35767 
  0.824308390  298.95795 
  0.830113379  297.51212 
  0.835918367  296.0231 
  0.841723356  294.6707 
  0.847528345  293.4137 
  0.853333333  291.3011 
  0.859138322  288.8821 
  0.864943311  285.84134 
  0.870748299  280.9066 
  0.876553288  268.7602 
  0.957823129  207.50826 
  0.963628118  209.36108 
  0.969433107  208.4104 
  0.975238095  208.18839 
  0.981043084  207.54814 
  0.986848073  206.39122 
  0.992653061  205.53625 
  0.998458050  203.73907 
  1.004263039  199.45187 
  1.010068027  196.30513 
  1.015873016  193.56007 
  1.021678005  189.57112 
  1.027482993  184.67973 
  1.033287982  181.37578 
  1.039092971  179.75313 
  1.044897959  178.97647 
  1.050702948  177.86836 
  1.056507937  176.36996 
  1.062312925  173.25227 
  1.068117914  170.51639 
  1.073922902  168.61772 
  1.079727891  167.80429 
  1.085532880  167.67303 
  1.091337868  165.24745 
  2.467120181  274.31088 
  2.472925170  278.65515 
  2.478730159  278.77142 
  2.484535147  276.81464 
  2.490340136  275.2588 
  2.496145125  273.6633 
  2.501950113  271.81903 
  2.507755102  271.0022 
  2.513560091  270.8334 
  2.519365079  270.68707 
  2.525170068  270.70724 
  2.530975057  271.2219 
  2.536780045  271.66394 
  2.542585034  272.33047 
  2.548390023  272.83997 
  2.554195011  273.02344 
  2.560000000  272.99033 
  2.565804989  273.00522 
  2.571609977  273.05396 
  2.577414966  273.18735 
  2.583219955  273.3193 
  2.589024943  273.3809 
  2.594829932  273.64935 
  2.600634921  273.9567 
  2.606439909  274.39368 
  2.612244898  275.1229 
  2.618049887  275.52756 
  2.623854875  275.96616 
  2.629659864  276.4827 
  2.635464853  276.8499 
  2.641269841  277.82724 
  2.647074830  278.7126 
  2.652879819  279.78586 
  2.658684807  281.43088 
  2.664489796  283.38995 
  2.670294785  286.82565 
  2.676099773  292.30652 
  2.681904762  292.29745 
  2.687709751  288.0145 
  2.693514739  290.21085 
  2.803809524  310.15646 
  2.809614512  309.76614 
  2.815419501  313.3604 
  2.821224490  316.88806 
  2.827029478  325.8271 
  2.832834467  340.9708 
  2.838639456  352.85052 
  2.844444444  365.8226 
  2.850249433  377.29382 
  2.856054422  384.68115 
  2.861859410  389.66647 
  2.867664399  392.8748 
  2.873469388  395.12598 
  2.879274376  397.6737 
  2.885079365  399.97208 
  2.890884354  403.1206 
  2.896689342  404.8668 
  2.902494331  406.34415 
  2.908299320  407.77112 
  2.914104308  408.2693 
  2.919909297  408.8423 
  2.925714286  409.42877 
  2.931519274  409.9958 
  2.937324263  410.6835 
  2.943129252  410.676 
  2.948934240  410.27307 
  2.954739229  409.32135 
  2.960544218  408.30225 
  2.966349206  406.159 
  2.972154195  404.73245 
  2.977959184  402.13617 
  2.983764172  398.98352 
  2.989569161  395.55643 
  2.995374150  392.43555 
  3.001179138  389.7566 
  3.006984127  387.21072 
  3.012789116  385.04178 
  3.018594104  383.68222 
  3.024399093  382.69305 
  3.030204082  381.9604 
  3.036009070  382.18503 
  3.041814059  383.24188 
  3.047619048  384.58194 
  3.053424036  386.61755 
  3.059229025  389.80786 
  3.065034014  392.38528 
  3.070839002  395.69583 
  3.076643991  397.9294 
  3.082448980  399.98874 
  3.088253968  401.13312 
  3.094058957  402.32422 
  3.099863946  403.66965 
  3.105668934  404.47726 
  3.111473923  405.29477 
  3.117278912  405.434 
  3.123083900  405.08456 
  3.128888889  404.13055 
  3.134693878  402.7015 
  3.140498866  401.50922 
  3.146303855  400.22467 
  3.152108844  399.0954 
  3.157913832  398.21576 
  3.163718821  397.6751 
  3.169523810  397.72818 
  3.175328798  398.06256 
  3.181133787  399.02377 
  3.186938776  399.76398 
  3.192743764  400.93558 
  3.198548753  402.0456 
  3.204353741  402.63675 
  3.210158730  404.12228 
  3.215963719  405.1658 
  3.221768707  405.5058 
  3.227573696  405.81796 
  3.233378685  404.37177 
  3.239183673  401.62027 
  3.244988662  398.01108 
  3.250793651  390.8676 
  3.308843537  387.24838 
  3.314648526  403.39066 
  3.320453515  409.04416 
  3.326258503  415.24832 
  3.332063492  420.83426 
  3.337868481  426.48114 
  3.343673469  429.51822 
  3.349478458  432.27026 
  3.355283447  432.8389 
  3.361088435  431.39597 
  3.366893424  430.033 
  3.372698413  428.2271 
  3.378503401  427.16925 
  3.384308390  425.66803 
  3.390113379  424.8431 
  3.395918367  424.17038 
  3.401723356  423.6738 
  3.407528345  423.72424 
  3.413333333  424.0718 
  3.419138322  424.2491 
  3.424943311  424.56427 
  3.430748299  424.55508 
  3.436553288  424.84702 
  3.442358277  426.00504 
  3.448163265  427.8794 
  3.453968254  430.49692 
  3.459773243  433.1295 
  3.465578231  433.73218 
  3.471383220  434.18118 
  3.477188209  433.94153 
  3.482993197  433.65918 
  3.488798186  435.11603 
  3.494603175  436.32645 
  3.500408163  438.27356 
  3.506213152  441.23026 
  3.512018141  444.916 
  3.517823129  449.9751 
  3.523628118  455.83844 
  3.529433107  461.943 
  3.535238095  467.55518 
  3.541043084  471.5393 
  3.546848073  478.51443 
  3.552653061  485.4021 
  3.558458050  490.1182 
  3.564263039  493.62045 
  3.570068027  495.22025 
  3.575873016  495.55884 
  3.581678005  494.7664 
  3.587482993  493.26166 
  3.593287982  490.51553 
  3.599092971  486.8183 
  3.604897959  482.88007 
  3.610702948  479.4554 
  3.616507937  476.37756 
  3.622312925  474.2852 
  3.628117914  473.15063 
  3.633922902  473.04874 
  3.639727891  472.9858 
  3.645532880  473.22046 
  3.651337868  474.35834 
  3.657142857  475.11865 
  3.662947846  476.37805 
  3.668752834  476.87497 
  3.674557823  475.04697 
  3.680362812  471.35898 
  3.686167800  465.11267 
  3.691972789  459.03165 
  3.697777778  447.4408 
  3.703582766  439.06177 
  3.709387755  435.8677 
  3.715192744  437.83762 
  3.720997732  428.5841 
  3.726802721  423.43924 
  3.732607710  399.72845 
  3.738412698  422.85812 
  3.744217687  446.87988 
  3.750022676  463.60422 
  3.755827664  470.88635 
  3.761632653  470.3185 
  3.767437642  470.40207 
  3.773242630  472.97232 
  3.779047619  476.02625 
  3.784852608  480.90015 
  3.790657596  486.60272 
  3.796462585  489.67117 
  3.802267574  490.3675 
  3.808072562  490.41492 
  3.813877551  488.56705 
  3.819682540  486.13974 
  3.825487528  483.8618 
  3.831292517  482.2726 
  3.837097506  481.01816 
  3.842902494  479.63885 
  3.848707483  479.07196 
  3.854512472  478.54782 
  3.860317460  478.54364 
  3.866122449  479.0173 
  3.871927438  479.43753 
  3.877732426  479.79834 
  3.883537415  480.1938 
  3.889342404  479.56665 
  3.895147392  479.85403 
  3.900952381  479.21 
  3.906757370  478.718 
  3.912562358  480.54156 
  3.918367347  481.74316 
  3.924172336  484.79434 
  3.929977324  488.24323 
  3.935782313  490.70367 
  3.941587302  492.6894 
  3.947392290  493.5239 
  3.953197279  493.29858 
  3.959002268  491.00177 
  3.964807256  487.92102 
  3.970612245  484.08658 
  3.976417234  482.3118 
  3.982222222  488.4701 
  3.988027211  494.5254 
  3.993832200  493.55023 
  3.999637188  489.53934 
  4.005442177  486.69583 
  4.011247166  483.9162 
  4.017052154  480.86057 
  4.022857143  478.315 
  4.028662132  475.9373 
  4.034467120  472.73605 
  4.040272109  469.69052 
  4.046077098  466.59766 
  4.051882086  462.81543 
  4.057687075  467.07306 
  4.063492063  463.74548 
  4.069297052  456.21518 
  4.075102041  450.05197 
  4.080907029  443.28296 
  4.086712018  440.30597 
  4.092517007  437.21973 
  4.098321995  435.47827 
  4.104126984  434.46738 
  4.109931973  433.24738 
  4.115736961  433.40182 
  4.121541950  433.85574 
  4.127346939  434.57135 
  4.133151927  435.88123 
  4.138956916  436.68393 
  4.144761905  438.62573 
  4.150566893  440.49435 
  4.156371882  442.64844 
  4.162176871  445.23203 
  4.167981859  447.66745 
  4.173786848  449.65842 
  4.179591837  453.09024 
  4.185396825  454.49066 
  4.191201814  456.1294 
  4.197006803  458.31235 
  4.202811791  459.09323 
  4.208616780  459.5207 
  4.214421769  458.87146 
  4.220226757  456.66766 
  4.226031746  452.58344 
  4.231836735  447.9364 
  4.237641723  441.79672 
  4.243446712  436.41632 
  4.249251701  429.8573 
  4.255056689  425.26962 
  4.260861678  422.53763 
  4.266666667  421.4762 
  4.272471655  420.9023 
  4.278276644  421.41003 
  4.284081633  421.89774 
  4.289886621  423.63898 
  4.295691610  425.80405 
  4.301496599  428.59018 
  4.307301587  431.40784 
  4.313106576  435.09586 
  4.318911565  438.63614 
  4.324716553  442.40176 
  4.330521542  446.05972 
  4.336326531  449.31183 
  4.342131519  452.0256 
  4.347936508  453.96887 
  4.353741497  455.1402 
  4.359546485  454.7012 
  4.365351474  452.35272 
  4.371156463  448.1294 
  4.376961451  442.52847 
  4.382766440  435.71805 
  4.388571429  427.14795 
  4.394376417  419.02213 
  4.400181406  403.35492 
  4.510476190  300.60107 
  4.516281179  305.30502 
  4.522086168  306.68478 
  4.527891156  307.17935 
  4.533696145  306.7823 
  4.539501134  304.06088 
  4.545306122  300.0518 
  4.551111111  297.83237 
  4.556916100  296.2414 
  4.562721088  294.70453 
  4.568526077  293.75635 
  4.574331066  293.0867 
  4.580136054  292.61993 
  4.585941043  292.20856 
  4.591746032  292.09982 
  4.597551020  291.69687 
  4.603356009  291.0557 
  4.609160998  290.9637 
  4.614965986  290.51126 
  4.620770975  290.25034 
  4.626575964  290.93604 
  4.632380952  291.01303 
  4.638185941  291.52988 
  4.643990930  292.1596 
  4.649795918  292.64093 
  4.655600907  293.34137 
  4.661405896  294.9305 
  4.667210884  296.38986 
  4.673015873  298.43402 
  4.678820862  301.14578 
  4.684625850  301.20724 
  4.690430839  300.79053 
  4.696235828  299.216 
  4.702040816  295.18588 
  4.707845805  292.23972 
  4.835555556  349.39285 
  4.841360544  349.23755 
  4.847165533  352.83862 
  4.852970522  356.03522 
  4.858775510  360.6768 
  4.864580499  365.3653 
  4.870385488  368.93298 
  4.876190476  371.2468 
  4.881995465  372.14795 
  4.887800454  371.73676 
  4.893605442  371.2247 
  4.899410431  371.18408 
  4.905215420  371.6609 
  4.911020408  372.2936 
  4.916825397  372.56824 
  4.922630385  372.78564 
  4.928435374  373.0974 
  4.934240363  373.21527 
  4.940045351  374.08936 
  4.945850340  375.7123 
  4.951655329  376.9371 
  4.957460317  379.1684 
  4.963265306  380.89026 
  4.969070295  382.64688 
  4.974875283  385.00534 
  4.980680272  387.61987 
  4.986485261  390.12527 
  4.992290249  392.88364 
  4.998095238  395.10312 
  5.003900227  397.90002 
  5.009705215  399.519 
  5.015510204  400.54843 
  5.021315193  400.6574 
  5.027120181  399.40897 
  5.032925170  397.83475 
  5.038730159  394.96564 
  5.044535147  390.96777 
  5.050340136  387.64313 
  5.056145125  384.56616 
  5.061950113  381.70184 
  5.067755102  379.70016 
  5.073560091  378.35355 
  5.079365079  377.55203 
  5.085170068  377.24512 
  5.090975057  378.2481 
  5.096780045  379.48367 
  5.102585034  381.7001 
  5.108390023  384.14114 
  5.114195011  387.3108 
  5.120000000  391.0635 
  5.125804989  394.26804 
  5.131609977  397.64993 
  5.137414966  401.7916 
  5.143219955  405.16046 
  5.149024943  407.464 
  5.154829932  408.9174 
  5.160634921  410.19467 
  5.166439909  410.66898 
  5.172244898  410.00076 
  5.178049887  409.04453 
  5.183854875  406.60947 
  5.189659864  404.19208 
  5.195464853  400.9915 
  5.201269841  397.2418 
  5.207074830  393.01932 
  5.212879819  389.3126 
  5.218684807  387.0422 
  5.224489796  385.46194 
  5.230294785  385.49594 
  5.236099773  385.7406 
  5.241904762  386.42838 
  5.247709751  387.24808 
  5.253514739  386.84964 
  5.259319728  386.78476 
  5.265124717  385.32852 
  5.270929705  378.93433 
  5.352199546  429.97894 
  5.358004535  433.01727 
  5.363809524  436.1565 
  5.369614512  438.88602 
  5.375419501  441.55548 
  5.381224490  443.7272 
  5.387029478  444.4485 
  5.392834467  444.1494 
  5.398639456  443.44803 
  5.404444444  441.92038 
  5.410249433  440.52 
  5.416054422  439.24948 
  5.421859410  438.4701 
  5.427664399  438.19937 
  5.433469388  438.00043 
  5.439274376  438.35464 
  5.445079365  438.16022 
  5.450884354  438.1448 
  5.456689342  438.49585 
  5.462494331  438.6029 
  5.468299320  439.36658 
  5.474104308  440.89124 
  5.479909297  442.43018 
  5.485714286  445.04453 
  5.491519274  446.1515 
  5.497324263  446.68832 
  5.503129252  445.96176 
  5.508934240  443.72137 
  5.514739229  441.24466 
  5.520544218  434.39746 
  5.526349206  425.69846 
  5.532154195  428.82422 
  5.537959184  430.87817 
  5.543764172  435.74762 
  5.549569161  445.3913 
  5.555374150  456.14285 
  5.561179138  465.06415 
  5.566984127  471.68182 
  5.572789116  477.0201 
  5.578594104  480.47046 
  5.584399093  482.81488 
  5.590204082  485.2283 
  5.596009070  485.98993 
  5.601814059  486.4009 
  5.607619048  486.5146 
  5.613424036  485.75537 
  5.619229025  484.73004 
  5.625034014  481.83636 
  5.630839002  479.8162 
  5.636643991  477.7901 
  5.642448980  476.274 
  5.648253968  474.99985 
  5.654058957  473.96045 
  5.659863946  474.08368 
  5.665668934  473.50708 
  5.671473923  474.46094 
  5.677278912  475.42786 
  5.683083900  475.05118 
  5.688888889  475.1286 
  5.694693878  474.9226 
  5.700498866  475.1536 
  5.706303855  476.39163 
  5.712108844  477.98196 
  5.717913832  479.5401 
  5.723718821  480.49478 
  5.729523810  480.4328 
  5.735328798  479.4155 
  5.741133787  477.4121 
  5.746938776  474.10715 
  5.752743764  470.21756 
  5.758548753  466.75333 
  5.764353741  465.18015 
  5.770158730  464.33078 
  5.775963719  464.37582 
  5.781768707  464.2676 
  5.787573696  464.94635 
  5.793378685  465.2418 
  5.799183673  467.5602 
  5.804988662  469.61957 
  5.810793651  471.97086 
  5.816598639  474.7269 
  5.822403628  476.91052 
  5.828208617  479.5774 
  5.834013605  482.88095 
  5.839818594  489.82098 
  5.845623583  493.09897 
  5.851428571  494.88107 
  5.857233560  495.43134 
  5.863038549  493.1376 
  5.868843537  490.2166 
  5.874648526  485.4669 
  5.880453515  479.977 
  5.886258503  475.616 
  5.892063492  472.1559 
  5.897868481  470.10892 
  5.903673469  468.62433 
  5.909478458  468.42648 
  5.915283447  468.32983 
  5.921088435  469.32648 
  5.926893424  470.55276 
  5.932698413  471.77588 
  5.938503401  474.0504 
  5.944308390  475.53586 
  5.950113379  477.8257 
  5.955918367  480.0761 
  5.961723356  481.70337 
  5.967528345  483.76965 
  5.973333333  485.36386 
  5.979138322  486.3656 
  5.984943311  487.0305 
  5.990748299  487.92352 
  5.996553288  489.49918 
  6.002358277  490.52576 
  6.008163265  490.91644 
  6.013968254  489.2798 
  6.019773243  485.19772 
  6.025578231  481.64597 
  6.031383220  482.10547 
  6.037188209  491.01724 
  6.042993197  489.18066 
  6.048798186  484.96643 
  6.054603175  480.0099 
  6.060408163  474.5169 
  6.066213152  469.91467 
  6.072018141  466.02286 
  6.077823129  461.28964 
  6.083628118  457.46838 
  6.089433107  460.19116 
  6.095238095  456.6182 
  6.101043084  450.69284 
  6.106848073  444.37708 
  6.112653061  438.62604 
  6.118458050  433.83136 
  6.124263039  430.51685 
  6.130068027  427.97684 
  6.135873016  426.35754 
  6.141678005  425.56955 
  6.147482993  426.13596 
  6.153287982  426.9777 
  6.159092971  428.3716 
  6.164897959  430.56113 
  6.170702948  431.941 
  6.176507937  433.96338 
  6.182312925  435.241 
  6.188117914  437.4392 
  6.193922902  439.5817 
  6.199727891  442.0011 
  6.205532880  443.70065 
  6.211337868  445.21896 
  6.217142857  446.84903 
  6.222947846  448.06094 
  6.228752834  449.64487 
  6.234557823  450.822 
  6.240362812  451.35947 
  6.246167800  451.6169 
  6.251972789  450.37604 
  6.257777778  449.18256 
  6.263582766  446.12003 
  6.269387755  442.4293 
  6.275192744  438.02356 
  6.280997732  433.2441 
  6.286802721  428.3009 
  6.292607710  425.08044 
  6.298412698  422.26266 
  6.304217687  421.8809 
  6.310022676  421.7854 
  6.315827664  422.3597 
  6.321632653  424.39258 
  6.327437642  425.8879 
  6.333242630  428.61148 
  6.339047619  430.96738 
  6.344852608  433.6155 
  6.350657596  436.81195 
  6.356462585  440.17993 
  6.362267574  443.51236 
  6.368072562  446.33292 
  6.373877551  448.74368 
  6.379682540  452.42285 
  6.385487528  455.46408 
  6.391292517  458.5217 
  6.397097506  460.39337 
  6.402902494  460.28943 
  6.408707483  459.47702 
  6.414512472  457.87448 
  6.420317460  455.49704 
  6.426122449  452.38358 
  6.431927438  449.10922 
  6.437732426  446.08 
  6.443537415  441.17834 
  6.449342404  437.0399 
  6.455147392  432.46844 
  6.460952381  429.7081 
  6.466757370  427.50287 
  6.472562358  426.95425 
  6.478367347  427.0165 
  6.484172336  428.05536 
  6.489977324  429.56818 
  6.495782313  431.3598 
  6.501587302  433.1553 
  6.507392290  434.22314 
  6.513197279  436.66013 
  6.519002268  438.54947 
  6.524807256  440.64838 
  6.530612245  442.91748 
  6.536417234  444.54755 
  6.542222222  446.4627 
  6.548027211  448.5693 
  6.553832200  449.99112 
  6.559637188  450.88586 
  6.565442177  450.23663 
  6.571247166  449.03003 
  6.577052154  447.72592 
  6.582857143  446.6248 
  6.588662132  446.2795 
  6.594467120  445.45413 
  6.600272109  444.82428 
  6.606077098  443.94882 
  6.611882086  442.85342 
  6.617687075  442.57736 
  6.623492063  442.7179 
  6.629297052  443.42468 
  6.635102041  444.86423 
  6.640907029  446.57104 
  6.646712018  448.1203 
  6.652517007  449.73227 
  6.658321995  450.25208 
  6.664126984  448.58298 
  6.669931973  446.33588 
  6.675736961  442.70798 
  6.681541950  433.48062 
  6.687346939  411.6736 
  6.693151927  426.55157 
  6.698956916  427.90475 
  6.704761905  419.83093 
  6.716371882  457.9036 
  6.722176871  477.25842 
  6.727981859  477.73584 
  6.733786848  479.88013 
  6.739591837  482.63934 
  6.745396825  484.52948 
  6.751201814  487.31595 
  6.757006803  489.73746 
  6.762811791  491.64902 
  6.768616780  494.00095 
  6.774421769  495.62524 
  6.780226757  499.0083 
  6.786031746  501.982 
  6.791836735  505.4119 
  6.797641723  511.17758 
  6.803446712  515.8695 
  6.809251701  522.0525 
  6.815056689  526.7847 
  6.820861678  529.25665 
  6.826666667  532.6218 
  6.832471655  533.7013 
  6.838276644  534.51495 
  6.844081633  537.0404 
  6.849886621  539.20636 
  6.855691610  544.2259 
  6.861496599  547.0224 
  6.867301587  549.41986 
  6.873106576  554.11816 
  6.878911565  555.59875 
  6.884716553  555.8243 
  6.890521542  553.73413 
  6.896326531  532.6902 
  6.902131519  512.2305 
  6.907936508  498.19708 
  6.913741497  485.43488 
  6.919546485  470.4134 
  6.925351474  461.1004 
  7.024036281  411.93997 
  7.029841270  428.46686 
  7.035646259  428.27246 
  7.041451247  430.31433 
  7.047256236  433.45734 
  7.053061224  436.78094 
  7.058866213  440.29855 
  7.064671202  444.31534 
  7.070476190  445.35782 
  7.076281179  445.4382 
  7.082086168  444.76895 
  7.087891156  443.1876 
  7.093696145  440.5206 
  7.099501134  438.2255 
  7.105306122  435.35223 
  7.111111111  433.5723 
  7.116916100  432.81735 
  7.122721088  432.70496 
  7.128526077  433.26318 
  7.134331066  433.8802 
  7.140136054  434.9404 
  7.145941043  435.90707 
  7.151746032  437.38248 
  7.157551020  438.90143 
  7.163356009  440.30438 
  7.169160998  442.03012 
  7.174965986  442.34415 
  7.180770975  441.86133 
  7.186575964  440.69943 
  7.192380952  437.81613 
  7.198185941  432.4202 
  7.273650794  466.56293 
  7.279455782  464.26065 
  7.285260771  465.2541 
  7.291065760  465.8068 
  7.296870748  464.58398 
  7.302675737  462.4185 
  7.308480726  458.93106 
  7.314285714  456.5065 
  7.320090703  466.1707 
  7.325895692  477.28345 
  7.331700680  483.22635 
  7.337505669  489.3092 
  7.343310658  496.13626 
  7.349115646  500.8244 
  7.354920635  502.62643 
  7.360725624  502.3485 
  7.366530612  500.84003 
  7.372335601  499.29663 
  7.378140590  497.74985 
  7.383945578  495.93146 
  7.389750567  494.83173 
  7.395555556  494.40234 
  7.401360544  493.87573 
  7.407165533  494.44916 
  7.412970522  493.74915 
  7.418775510  492.5799 
  7.424580499  490.783 
  7.430385488  488.1666 
  7.436190476  486.07092 
  7.441995465  482.9661 
  7.447800454  479.05768 
  7.453605442  475.046 
  7.459410431  470.34042 
  7.465215420  465.91437 
  7.471020408  461.18552 
  7.476825397  456.49164 
  7.482630385  448.26685 
  7.488435374  436.83524 
  7.494240363  415.23376 
  7.569705215  332.31335 
  7.575510204  348.57837 
  7.581315193  361.20087 
  7.587120181  371.3189 
  7.592925170  377.17822 
  7.598730159  380.86954 
  7.604535147  384.18298 
  7.610340136  387.92685 
  7.616145125  391.67105 
  7.621950113  393.65387 
  7.627755102  394.0184 
  7.633560091  393.53827 
  7.639365079  392.24057 
  7.645170068  390.6307 
  7.650975057  388.09576 
  7.656780045  385.30972 
  7.662585034  382.2814 
  7.668390023  380.69647 
  7.674195011  380.25378 
  7.680000000  380.60138 
  7.685804989  381.75583 
  7.691609977  383.11136 
  7.697414966  384.87827 
  7.703219955  387.10446 
  7.709024943  390.3367 
  7.714829932  393.6737 
  7.720634921  396.66962 
  7.726439909  399.63126 
  7.732244898  402.34372 
  7.738049887  404.78192 
  7.743854875  407.22437 
  7.749659864  408.98972 
  7.755464853  410.16406 
  7.761269841  410.39938 
  7.767074830  410.02124 
  7.772879819  408.75702 
  7.778684807  407.0492 
  7.784489796  404.2069 
  7.790294785  400.55115 
  7.796099773  396.54443 
  7.801904762  392.8093 
  7.807709751  388.9526 
  7.813514739  385.25208 
  7.819319728  382.0606 
  7.825124717  380.46286 
  7.830929705  379.85822 
  7.836734694  379.84094 
  7.842539683  380.4781 
  7.848344671  381.964 
  7.854149660  383.74725 
  7.859954649  385.998 
  7.865759637  389.25748 
  7.871564626  392.2065 
  7.877369615  395.85724 
  7.883174603  399.33392 
  7.888979592  402.0897 
  7.894784580  403.43243 
  7.900589569  403.95746 
  7.906394558  404.62576 
  7.912199546  404.45584 
  7.918004535  403.46384 
  7.923809524  402.1769 
  7.929614512  400.7209 
  7.935419501  398.94568 
  7.941224490  397.36737 
  7.947029478  395.84933 
  7.952834467  394.24594 
  7.958639456  393.35168 
  7.964444444  392.99194 
  7.970249433  392.84283 
  7.976054422  392.09726 
  7.981859410  389.71332 
  7.987664399  385.90158 
  7.993469388  379.54642 
  7.999274376  370.61356 
  8.005079365  358.89346 
  8.010884354  348.2581 
  8.016689342  344.3856 
  8.022494331  337.68555 
  8.063129252  242.87299 
  8.068934240  241.80977 
  8.074739229  248.84045 
  8.080544218  256.05347 
  8.086349206  262.85272 
  8.092154195  266.58047 
  8.097959184  270.0093 
  8.103764172  273.62634 
  8.109569161  277.2182 
  8.115374150  280.4361 
  8.121179138  281.99042 
  8.126984127  282.5295 
  8.132789116  282.95944 
  8.138594104  283.46136 
  8.144399093  284.05594 
  8.150204082  284.789 
  8.156009070  286.01053 
  8.161814059  286.4059 
  8.167619048  286.95663 
  8.173424036  287.41745 
  8.179229025  287.77808 
  8.185034014  288.78265 
  8.190839002  290.25223 
  8.196643991  290.7833 
  8.202448980  291.52628 
  8.208253968  292.3673 
  8.214058957  292.74414 
  8.219863946  293.73245 
  8.225668934  294.47086 
  8.231473923  294.8189 
  8.237278912  296.0591 
  8.243083900  296.18362 
  8.248888889  296.43933 
  8.254693878  295.7069 
  8.260498866  294.33646 
  8.266303855  293.16354 
  8.272108844  290.8937 
  8.277913832  289.6602 
  8.283718821  288.37112 
  8.289523810  287.22913 
  8.295328798  287.0916 
  8.301133787  287.34634 
  8.306938776  287.52426 
  8.312743764  287.95728 
  8.318548753  288.01367 
  8.324353741  288.5848 
  8.330158730  288.91937 
  8.335963719  290.1936 
  8.341768707  291.0988 
  8.347573696  292.48184 
  8.353378685  294.39246 
  8.359183673  296.06772 
  8.364988662  298.0556 
  8.370793651  299.67014 
  8.376598639  301.25174 
  8.382403628  301.90118 
  8.388208617  302.0099 
  8.394013605  301.82986 
  8.399818594  300.71954 
  8.405623583  299.88876 
  8.411428571  298.34464 
  8.417233560  296.02933 
  8.423038549  292.96915 
  8.428843537  289.13 
  8.434648526  286.75827 
  8.440453515  284.83234 
  8.446258503  282.89658 
  8.452063492  281.8008 
  8.457868481  280.14334 
  8.463673469  279.40515 
  8.469478458  277.87607 
  8.475283447  276.46597 
  8.481088435  274.80136 
  8.486893424  271.81894 
  8.544943311  317.92102 
  8.550748299  327.33322 
  8.556553288  329.30377 
  8.562358277  329.7167 
  8.568163265  329.36685 
  8.573968254  326.76993 
  8.579773243  329.282 
  8.585578231  343.03632 
  8.591383220  347.81628 
  8.597188209  350.28183 
  8.602993197  350.79413 
  8.608798186  350.50577 
  8.614603175  349.0766 
  8.620408163  346.36017 
  8.626213152  342.7556 
  8.632018141  338.00128 
  8.637823129  334.47025 
  8.643628118  331.10748 
  8.649433107  329.29794 
  8.655238095  329.3866 
  8.661043084  329.06262 
  8.666848073  331.14697 
  8.672653061  334.60895 
  8.678458050  338.0384 
  8.684263039  342.06482 
  8.690068027  345.01926 
  8.695873016  348.25534 
  8.701678005  352.7784 
  8.707482993  354.75253 
  8.713287982  356.64578 
  8.719092971  358.41357 
  8.724897959  359.17377 
  8.730702948  362.1074 
  8.736507937  363.419 
  8.742312925  365.3657 
  8.748117914  365.94748 
  8.753922902  364.47656 
  8.759727891  363.24884 
  8.765532880  359.48914 
  8.771337868  354.34592 
  8.777142857  348.10355 
  8.782947846  339.62552 
  8.788752834  326.31873 
  8.794557823  310.28513 
  8.800362812  309.23776 
  8.806167800  323.92578 
  8.811972789  331.49692 
  8.817777778  337.71857 
  8.823582766  342.66367 
  8.829387755  348.34888 
  8.835192744  353.30875 
  8.840997732  359.50156 
  8.846802721  366.08734 
  8.852607710  375.34506 
  8.858412698  383.3024 
  8.864217687  387.27338 
  8.870022676  390.7158 
  8.875827664  391.09583 
  8.881632653  390.15732 
  8.887437642  388.72916 
  8.893242630  387.0886 
  8.899047619  386.06943 
  8.904852608  384.75848 
  8.910657596  383.6287 
  8.916462585  382.47284 
  8.922267574  381.55786 
  8.928072562  381.35168 
  8.933877551  381.3503 
  8.939682540  382.27512 
  8.945487528  383.04883 
  8.951292517  383.59494 
  8.957097506  384.4648 
  8.962902494  385.21017 
  8.968707483  386.55728 
  8.974512472  387.77725 
  8.980317460  389.2248 
  8.986122449  390.24744 
  8.991927438  391.70697 
  8.997732426  392.9289 
  9.003537415  392.33432 
  9.009342404  391.1335 
  9.015147392  387.4767 
  9.020952381  383.70374 
  9.026757370  377.05795 
  9.032562358  362.66238 
  9.119637188  439.3434 
  9.125442177  440.07214 
  9.131247166  445.48438 
  9.137052154  449.0136 
  9.142857143  452.6018 
  9.148662132  456.1323 
  9.154467120  456.82608 
  9.160272109  456.24753 
  9.166077098  455.13528 
  9.171882086  453.06564 
  9.177687075  450.57034 
  9.183492063  448.01187 
  9.189297052  445.138 
  9.195102041  442.6346 
  9.200907029  439.86584 
  9.206712018  437.29156 
  9.212517007  435.5528 
  9.218321995  434.6092 
  9.224126984  434.82773 
  9.229931973  435.99814 
  9.235736961  438.05112 
  9.241541950  440.10605 
  9.247346939  442.00995 
  9.253151927  443.93115 
  9.258956916  446.9947 
  9.264761905  449.49567 
  9.270566893  452.2664 
  9.276371882  455.55655 
  9.282176871  458.31985 
  9.287981859  461.7769 
  9.293786848  463.9704 
  9.299591837  464.12143 
  9.305396825  463.23315 
  9.311201814  461.08127 
  9.317006803  458.2992 
  9.322811791  454.5972 
  9.328616780  450.29672 
  9.334421769  445.4321 
  9.340226757  441.22156 
  9.346031746  437.6796 
  9.351836735  435.02835 
  9.357641723  433.4213 
  9.363446712  433.21658 
  9.369251701  433.4141 
  9.375056689  434.10452 
  9.380861678  435.50003 
  9.386666667  437.3911 
  9.392471655  440.79187 
  9.398276644  444.51 
  9.404081633  447.21866 
  9.409886621  449.7232 
  9.415691610  451.89407 
  9.421496599  454.4843 
  9.427301587  456.91174 
  9.433106576  458.2182 
  9.438911565  459.28888 
  9.444716553  458.40558 
  9.450521542  456.78958 
  9.456326531  455.1623 
  9.462131519  451.693 
  9.467936508  449.1348 
  9.473741497  445.60913 
  9.479546485  441.56223 
  9.485351474  437.86526 
  9.491156463  434.3419 
  9.496961451  430.9667 
  9.502766440  428.43042 
  9.508571429  427.39478 
  9.514376417  426.97366 
  9.520181406  426.82727 
  9.525986395  427.07816 
  9.531791383  427.48355 
  9.537596372  427.7396 
  9.543401361  428.69724 
  9.549206349  429.94458 
  9.555011338  431.64554 
  9.560816327  433.8307 
  9.566621315  435.12305 
  9.572426304  436.27695 
  9.578231293  437.342 
  9.584036281  437.51532 
  9.589841270  437.77347 
  9.595646259  437.52036 
  9.601451247  435.9751 
  9.607256236  433.83725 
  9.613061224  430.58514 
  9.618866213  424.3823 
  9.624671202  418.89886 
  9.630476190  410.39584 
  9.636281179  402.6989 
  9.642086168  394.6878 
  9.647891156  387.02325 
  9.653696145  377.80746 
  9.659501134  372.12906 
  9.665306122  373.00223 
  9.671111111  375.89642 
  9.676916100  379.73233 
  9.682721088  383.09805 
  9.688526077  384.56436 
  9.694331066  384.7189 
  9.700136054  385.71017 
  9.705941043  387.4934 
  9.711746032  388.75687 
  9.717551020  390.0758 
  9.723356009  391.10367 
  9.729160998  391.58936 
  9.734965986  393.80237 
  9.740770975  396.25974 
  9.746575964  398.35245 
  9.752380952  400.19528 
  9.758185941  401.1901 
  9.763990930  401.76062 
  9.769795918  401.13522 
  9.775600907  399.01627 
  9.781405896  393.91272 
  9.787210884  387.39822 
  9.793015873  380.26178 
  9.798820862  380.9582 
  9.804625850  391.9567 
  9.810430839  403.08096 
  9.816235828  413.45578 
  9.822040816  414.9338 
  9.827845805  415.87918 
  9.833650794  419.15494 
  9.839455782  422.5022 
  9.845260771  433.85483 
  9.851065760  430.108 
  9.856870748  429.91052 
  9.862675737  429.43304 
  9.868480726  427.78204 
  9.874285714  429.55988 
  9.880090703  431.0728 
  9.885895692  433.19894 
  9.891700680  435.26852 
  9.897505669  436.60062 
  9.903310658  438.09042 
  9.909115646  439.43823 
  9.914920635  440.80984 
  9.920725624  443.8854 
  9.926530612  445.68372 
  9.932335601  447.98477 
  9.938140590  450.8794 
  9.943945578  452.6024 
  9.949750567  455.46893 
  9.955555556  459.0442 
  9.961360544  461.8948 
  9.967165533  467.03558 
  9.972970522  471.65637 
  9.978775510  476.39505 
  9.984580499  481.18826 
  9.990385488  484.79413 
  9.996190476  488.61053 
  10.001995465  491.64636 
  10.007800454  493.32172 
  10.013605442  496.06854 
  10.019410431  497.09317 
  10.025215420  498.3459 
  10.031020408  498.54437 
  10.036825397  497.048 
  10.042630385  496.0866 
  10.048435374  494.4601 
  10.054240363  492.65155 
  10.060045351  491.2426 
  10.065850340  488.267 
  10.071655329  479.7484 
  10.077460317  466.79218 
  10.083265306  466.2111 
  10.089070295  467.62885 
  10.094875283  468.015 
  10.100680272  462.5735 
  10.106485261  461.54297 
  10.112290249  467.42136 
  10.118095238  477.71127 
  10.123900227  486.87427 
  10.129705215  495.25027 
  10.135510204  504.1042 
  10.141315193  504.15747 
  10.147120181  503.4617 
  10.152925170  502.86234 
  10.158730159  501.84348 
  10.164535147  500.41586 
  10.170340136  499.00665 
  10.176145125  497.24973 
  10.181950113  494.98743 
  10.187755102  492.16263 
  10.193560091  488.78958 
  10.199365079  485.6202 
  10.205170068  482.4841 
  10.210975057  480.6404 
  10.216780045  479.1846 
  10.222585034  477.86505 
  10.228390023  476.79495 
  10.234195011  476.9907 
  10.240000000  477.91086 
  10.245804989  479.02277 
  10.251609977  480.89536 
  10.257414966  482.30328 
  10.263219955  484.84738 
  10.269024943  487.31583 
  10.274829932  491.19135 
  10.280634921  495.3339 
  10.286439909  498.6672 
  10.292244898  502.86194 
  10.298049887  505.4653 
  10.303854875  507.6511 
  10.309659864  509.21826 
  10.315464853  509.66574 
  10.321269841  509.19794 
  10.327074830  507.6044 
  10.332879819  505.28613 
  10.338684807  502.99213 
  10.344489796  500.0111 
  10.350294785  497.95963 
  10.356099773  495.7187 
  10.361904762  493.04083 
  10.367709751  490.58972 
  10.373514739  487.68326 
  10.379319728  485.8449 
  10.385124717  484.47366 
  10.390929705  483.58093 
  10.396734694  483.91974 
  10.402539683  484.41455 
  10.408344671  485.23337 
  10.414149660  486.417 
  10.419954649  487.35254 
  10.425759637  489.0104 
  10.431564626  490.2645 
  10.437369615  492.2284 
  10.443174603  493.84982 
  10.448979592  495.6083 
  10.454784580  497.67728 
  10.460589569  499.06903 
  10.466394558  500.73178 
  10.472199546  501.0984 
  10.478004535  500.33282 
  10.483809524  498.8562 
  10.489614512  497.13242 
  10.495419501  494.80014 
  10.501224490  492.62415 
  10.507029478  490.23846 
  10.512834467  487.26443 
  10.518639456  484.14502 
  10.524444444  481.42218 
  10.530249433  479.36935 
  10.536054422  478.9814 
  10.541859410  478.4846 
  10.547664399  478.50027 
  10.553469388  478.9485 
  10.559274376  479.0494 
  10.565079365  480.369 
  10.570884354  481.67798 
  10.576689342  483.75256 
  10.582494331  487.2246 
  10.588299320  489.88086 
  10.594104308  493.38885 
  10.599909297  496.33386 
  10.605714286  498.0512 
  10.611519274  499.70044 
  10.617324263  500.79642 
  10.623129252  500.65732 
  10.628934240  499.86154 
  10.634739229  498.0886 
  10.640544218  496.13538 
  10.646349206  494.07285 
  10.652154195  491.55914 
  10.657959184  488.70694 
  10.663764172  485.21524 
  10.669569161  481.86047 
  10.675374150  479.41138 
  10.681179138  477.92526 
  10.686984127  477.09283 
  10.692789116  476.41953 
  10.698594104  476.66937 
  10.704399093  477.66382 
  10.710204082  478.20526 
  10.716009070  479.83646 
  10.721814059  481.19077 
  10.727619048  481.6963 
  10.733424036  482.4566 
  10.739229025  483.36667 
  10.745034014  484.7228 
  10.750839002  486.63263 
  10.756643991  489.00552 
  10.762448980  490.99503 
  10.768253968  492.575 
  10.774058957  494.1705 
  10.779863946  494.54907 
  10.785668934  492.47897 
  10.791473923  487.35645 
  10.797278912  483.53876 
  10.803083900  476.9348 
  10.808888889  463.98657 
  10.814693878  471.5834 
  10.820498866  476.79623 
  10.826303855  487.09058 
  10.832108844  493.0087 
  10.837913832  496.1573 
  10.843718821  497.7987 
  10.849523810  500.22595 
  10.855328798  502.53433 
  10.861133787  505.1259 
  10.866938776  507.35797 
  10.872743764  509.80945 
  10.878548753  512.23834 
  10.884353741  514.35724 
  10.890158730  516.6355 
  10.895963719  517.6342 
  10.901768707  518.5036 
  10.907573696  519.0062 
  10.913378685  519.3285 
  10.919183673  519.4651 
  10.924988662  519.06946 
  10.930793651  518.31866 
  10.936598639  518.3285 
  10.942403628  519.0428 
  10.948208617  522.60815 
  10.954013605  524.7413 
  10.959818594  525.4152 
  10.965623583  527.26935 
  10.971428571  529.20575 
  10.977233560  530.4461 
  10.983038549  531.202 
  10.988843537  529.2064 
  10.994648526  521.4269 
  11.000453515  508.3296 
  11.006258503  495.98505 
  11.012063492  486.11807 
  11.017868481  477.88388 
  11.023673469  464.1578 
  11.029478458  454.10153 
  11.099138322  397.4098 
  11.104943311  399.9139 
  11.110748299  401.70215 
  11.116553288  403.77896 
  11.122358277  406.3689 
  11.128163265  411.67548 
  11.133968254  416.42102 
  11.139773243  419.78177 
  11.145578231  422.81714 
  11.151383220  425.72617 
  11.157188209  427.64914 
  11.162993197  429.56357 
  11.168798186  430.4681 
  11.174603175  431.31427 
  11.180408163  431.2372 
  11.186213152  431.1859 
  11.192018141  430.3193 
  11.197823129  429.66537 
  11.203628118  428.80234 
  11.209433107  427.82098 
  11.215238095  426.7814 
  11.221043084  425.6441 
  11.226848073  424.95676 
  11.232653061  424.38058 
  11.238458050  424.63046 
  11.244263039  425.50015 
  11.250068027  426.14215 
  11.255873016  427.2691 
  11.261678005  427.1926 
  11.267482993  426.5645 
  11.273287982  424.13153 
  11.279092971  417.0588 
  11.354557823  492.08902 
  11.360362812  482.26828 
  11.366167800  481.28864 
  11.371972789  478.9777 
  11.377777778  475.21185 
  11.383582766  471.36624 
  11.389387755  466.916 
  11.395192744  467.49713 
  11.400997732  473.72052 
  11.406802721  479.5776 
  11.412607710  482.9029 
  11.418412698  486.45428 
  11.424217687  488.99808 
  11.430022676  489.9048 
  11.435827664  489.56442 
  11.441632653  488.64755 
  11.447437642  488.44064 
  11.453242630  487.05798 
  11.459047619  486.1814 
  11.464852608  485.06888 
  11.470657596  482.81982 
  11.476462585  481.98566 
  11.482267574  481.05383 
  11.488072562  479.9373 
  11.493877551  479.668 
  11.499682540  478.98877 
  11.505487528  478.4216 
  11.511292517  477.61475 
  11.517097506  475.9681 
  11.522902494  473.87088 
  11.528707483  471.14664 
  11.534512472  467.7193 
  11.540317460  463.03888 
  11.546122449  458.52377 
  11.551927438  453.72897 
  11.557732426  447.63776 
  11.563537415  441.35318 
  11.569342404  430.89374 
  11.575147392  416.86868 
  11.644807256  310.20132 
  11.650612245  326.6748 
  11.656417234  338.54526 
  11.662222222  348.59576 
  11.668027211  356.19824 
  11.673832200  362.36734 
  11.679637188  367.01416 
  11.685442177  370.48962 
  11.691247166  372.79 
  11.697052154  373.28543 
  11.702857143  373.42322 
  11.708662132  373.42532 
  11.714467120  373.92032 
  11.720272109  375.4022 
  11.726077098  377.60037 
  11.731882086  380.15097 
  11.737687075  383.76443 
  11.743492063  387.3812 
  11.749297052  391.0574 
  11.755102041  395.4021 
  11.760907029  399.91174 
  11.766712018  403.75308 
  11.772517007  407.0776 
  11.778321995  409.84094 
  11.784126984  411.47223 
  11.789931973  412.07135 
  11.795736961  411.45215 
  11.801541950  409.28223 
  11.807346939  406.68646 
  11.813151927  402.8156 
  11.818956916  398.9264 
  11.824761905  394.4176 
  11.830566893  391.40677 
  11.836371882  388.7937 
  11.842176871  386.61465 
  11.847981859  385.28467 
  11.853786848  383.87347 
  11.859591837  383.273 
  11.865396825  383.62927 
  11.871201814  384.79398 
  11.877006803  386.5412 
  11.882811791  388.7154 
  11.888616780  390.87054 
  11.894421769  393.34097 
  11.900226757  395.84802 
  11.906031746  398.26315 
  11.911836735  400.23682 
  11.917641723  401.91232 
  11.923446712  402.44864 
  11.929251701  402.43832 
  11.935056689  401.88867 
  11.940861678  401.29962 
  11.946666667  400.6325 
  11.952471655  399.44946 
  11.958276644  398.43817 
  11.964081633  396.5634 
  11.969886621  394.4263 
  11.975691610  392.77045 
  11.981496599  391.18826 
  11.987301587  391.17328 
  11.993106576  391.01132 
  11.998911565  390.61902 
  12.004716553  388.96515 
  12.010521542  383.51392 
  12.016326531  376.8111 
  12.022131519  365.78787 
  12.027936508  356.2213 
  12.033741497  348.47916 
  12.039546485  341.16037 
  12.045351474  331.44443 
  12.051156463  313.1009 
  12.056961451  302.11972 
  12.062766440  286.30237 
  12.068571429  271.08972 
  12.074376417  269.5076 
  12.080181406  267.10974 
  12.085986395  263.17548 
  12.091791383  260.54947 
  12.097596372  252.67993 
  12.103401361  249.33899 
  12.109206349  248.61255 
  12.115011338  253.07979 
  12.120816327  259.9719 
  12.126621315  264.86072 
  12.132426304  272.58948 
  12.138231293  277.3145 
  12.144036281  279.45938 
  12.149841270  281.05423 
  12.155646259  282.49542 
  12.161451247  283.43164 
  12.167256236  284.708 
  12.173061224  285.5722 
  12.178866213  285.8092 
  12.184671202  286.6894 
  12.190476190  288.28336 
  12.196281179  290.65265 
  12.202086168  292.00595 
  12.207891156  293.95316 
  12.213696145  295.04703 
  12.219501134  296.35828 
  12.225306122  297.43307 
  12.231111111  297.5838 
  12.236916100  298.28632 
  12.242721088  2