
  0.197369615  241.36041 
  0.203174603  237.0771 
  0.208979592  236.6939 
  0.214784580  237.32047 
  0.220589569  238.60667 
  0.226394558  241.79443 
  0.232199546  244.10722 
  0.238004535  245.98166 
  0.243809524  248.43106 
  0.249614512  251.14659 
  0.255419501  256.97278 
  0.261224490  267.96338 
  0.267029478  272.8195 
  0.272834467  272.62213 
  0.278639456  274.20792 
  0.284444444  276.51965 
  0.290249433  280.003 
  0.296054422  283.9708 
  0.301859410  287.62686 
  0.307664399  291.84265 
  0.313469388  297.73624 
  0.319274376  303.5505 
  0.325079365  308.62863 
  0.330884354  314.4029 
  0.336689342  319.021 
  0.342494331  321.92172 
  0.348299320  324.0761 
  0.354104308  327.6183 
  0.359909297  327.42 
  0.365714286  325.2818 
  0.371519274  327.15762 
  0.377324263  328.18912 
  0.383129252  328.4127 
  0.388934240  329.35776 
  0.394739229  330.15405 
  0.400544218  331.22586 
  0.406349206  333.149 
  0.412154195  334.1205 
  0.417959184  334.06516 
  0.423764172  333.76025 
  0.429569161  334.30576 
  0.435374150  335.44907 
  0.441179138  336.7446 
  0.446984127  338.22028 
  0.452789116  337.98654 
  0.458594104  334.80783 
  0.464399093  328.727 
  0.470204082  325.68683 
  0.476009070  317.5909 
  0.586303855  282.465 
  0.592108844  276.5505 
  0.597913832  273.10522 
  0.603718821  268.36572 
  0.609523810  264.6289 
  0.615328798  256.72104 
  0.621133787  250.59389 
  0.626938776  245.10692 
  0.632743764  241.49452 
  0.638548753  237.0824 
  0.644353741  234.7445 
  0.650158730  233.32368 
  0.655963719  232.28821 
  0.661768707  232.10764 
  0.667573696  232.31856 
  0.673378685  236.44264 
  0.679183673  247.49841 
  0.684988662  254.83318 
  0.690793651  258.7774 
  0.696598639  260.22446 
  0.702403628  259.89343 
  0.708208617  260.39096 
  0.714013605  261.43365 
  0.719818594  263.9389 
  0.725623583  266.79538 
  0.731428571  269.51578 
  0.737233560  273.43204 
  0.743038549  277.609 
  0.748843537  282.16876 
  0.754648526  285.7354 
  0.760453515  288.51086 
  0.766258503  290.91275 
  0.772063492  293.99127 
  0.777868481  298.22937 
  0.783673469  304.92215 
  0.789478458  311.20914 
  0.795283447  317.2901 
  0.801088435  323.07495 
  0.806893424  329.47336 
  0.812698413  335.96744 
  0.818503401  340.06375 
  0.824308390  345.24924 
  1.044897959  343.67673 
  1.050702948  338.9705 
  1.056507937  336.75848 
  1.062312925  334.7057 
  1.068117914  333.34433 
  1.073922902  331.9606 
  1.079727891  330.7331 
  1.085532880  329.18835 
  1.091337868  325.77798 
  1.097142857  319.07892 
  1.102947846  311.1871 
  1.108752834  306.13437 
  1.114557823  297.25638 
  1.120362812  282.1817 
  1.126167800  276.09064 
  1.131972789  269.70447 
  1.137777778  270.57037 
  1.143582766  255.10922 
  1.149387755  257.31778 
  1.155192744  266.9716 
  1.160997732  276.62897 
  1.166802721  283.16064 
  1.172607710  287.6264 
  1.178412698  286.6095 
  1.184217687  284.15088 
  1.190022676  281.85547 
  1.195827664  277.0113 
  1.201632653  273.6917 
  1.207437642  269.87723 
  1.213242630  268.2086 
  1.219047619  268.0694 
  1.224852608  267.91696 
  1.230657596  268.6123 
  1.236462585  270.28708 
  1.242267574  269.21268 
  1.248072562  268.6108 
  1.352562358  271.6614 
  1.358367347  267.3065 
  1.364172336  266.59796 
  1.369977324  264.556 
  1.375782313  263.16553 
  1.381587302  261.10376 
  1.387392290  259.51718 
  1.393197279  256.48935 
  1.399002268  255.4601 
  1.404807256  253.10551 
  1.410612245  250.95905 
  1.416417234  248.38603 
  1.422222222  245.58385 
  1.428027211  240.81206 
  1.433832200  238.9163 
  1.439637188  236.77675 
  1.445442177  235.09657 
  1.451247166  233.54758 
  1.457052154  229.3479 
  1.462857143  226.61401 
  1.468662132  222.64609 
  1.486077098  203.02013 
  1.491882086  205.76125 
  1.497687075  204.59352 
  1.503492063  203.40828 
  1.509297052  199.73254 
  1.515102041  193.08238 
  1.520907029  188.26851 
  1.526712018  184.00594 
  1.532517007  181.04968 
  1.538321995  179.0987 
  1.544126984  177.2341 
  1.549931973  175.45543 
  1.555736961  173.91586 
  1.561541950  172.76328 
  1.567346939  172.20155 
  1.573151927  171.87889 
  1.578956916  171.50363 
  1.584761905  171.58815 
  1.590566893  171.02997 
  1.596371882  169.39432 
  1.944671202  167.1845 
  1.950476190  167.54036 
  1.956281179  168.81189 
  1.962086168  170.61275 
  1.967891156  173.18445 
  1.973696145  174.94508 
  1.979501134  177.27867 
  1.985306122  178.23491 
  1.991111111  179.38211 
  1.996916100  180.5933 
  2.002721088  182.00609 
  2.008526077  183.69649 
  2.014331066  185.36366 
  2.020136054  187.13297 
  2.025941043  188.58076 
  2.031746032  189.54968 
  2.037551020  189.8346 
  2.043356009  189.49176 
  2.049160998  188.57953 
  2.054965986  187.54909 
  2.060770975  186.63193 
  2.066575964  185.6881 
  2.072380952  184.74171 
  2.078185941  183.67871 
  2.083990930  183.47003 
  2.089795918  184.01485 
  2.095600907  185.36353 
  2.101405896  187.10023 
  2.107210884  188.6202 
  2.113015873  189.80316 
  2.118820862  190.91464 
  2.124625850  192.38791 
  2.130430839  193.52971 
  2.136235828  194.56602 
  2.142040816  195.57883 
  2.147845805  196.22154 
  2.153650794  196.52315 
  2.159455782  196.40369 
  2.165260771  195.85959 
  2.171065760  195.08078 
  2.176870748  193.76315 
  2.182675737  192.04012 
  2.188480726  189.91753 
  2.194285714  187.38681 
  2.200090703  185.51411 
  2.205895692  184.07384 
  2.211700680  182.9365 
  2.217505669  182.54198 
  2.223310658  182.9758 
  2.229115646  183.3351 
  2.234920635  183.70772 
  2.240725624  184.24908 
  2.246530612  184.78055 
  2.252335601  185.97775 
  2.258140590  188.68597 
  2.263945578  192.82663 
  2.269750567  194.48273 
  2.275555556  193.98093 
  2.281360544  192.43736 
  2.287165533  188.69328 
  2.380045351  216.73067 
  2.385850340  222.80928 
  2.391655329  227.34253 
  2.397460317  231.77437 
  2.403265306  235.14412 
  2.409070295  237.25493 
  2.414875283  236.65152 
  2.420680272  235.25293 
  2.426485261  233.68356 
  2.432290249  230.97885 
  2.438095238  228.73648 
  2.443900227  226.7946 
  2.449705215  224.7518 
  2.455510204  221.78142 
  2.461315193  219.60255 
  2.467120181  217.91959 
  2.472925170  217.14807 
  2.478730159  216.98734 
  2.484535147  217.0745 
  2.490340136  217.31248 
  2.496145125  218.20206 
  2.501950113  219.35912 
  2.507755102  220.44226 
  2.513560091  221.90593 
  2.519365079  223.54109 
  2.525170068  224.52386 
  2.530975057  225.56683 
  2.536780045  225.88922 
  2.542585034  225.49702 
  2.548390023  225.4361 
  2.554195011  224.94675 
  2.560000000  224.02095 
  2.565804989  223.16606 
  2.571609977  221.91536 
  2.577414966  220.01688 
  2.583219955  217.73026 
  2.589024943  216.66972 
  2.594829932  216.77672 
  2.600634921  218.10019 
  2.606439909  223.57214 
  2.612244898  235.68793 
  2.618049887  242.98714 
  2.623854875  248.52863 
  2.629659864  250.29005 
  2.635464853  254.68814 
  2.641269841  256.3688 
  2.647074830  255.18736 
  2.652879819  253.35468 
  2.658684807  249.01245 
  2.664489796  245.99904 
  2.670294785  242.64479 
  2.676099773  239.17546 
  2.681904762  236.84334 
  2.687709751  234.16531 
  2.693514739  233.34293 
  2.699319728  233.12244 
  2.705124717  233.26404 
  2.710929705  234.64816 
  2.716734694  235.85121 
  2.722539683  237.26111 
  2.728344671  239.05275 
  2.734149660  241.2081 
  2.739954649  243.09427 
  2.745759637  244.83624 
  2.751564626  246.60773 
  2.757369615  247.53714 
  2.763174603  247.48126 
  2.768979592  246.48265 
  2.774784580  243.74005 
  2.780589569  241.29634 
  2.786394558  238.9756 
  2.792199546  236.9902 
  2.798004535  235.63474 
  2.803809524  234.76576 
  2.809614512  234.53273 
  2.815419501  234.93427 
  2.821224490  236.37195 
  2.827029478  238.67284 
  2.832834467  241.4531 
  2.838639456  244.94576 
  2.844444444  247.99078 
  2.850249433  252.19745 
  2.856054422  256.19763 
  2.861859410  261.78616 
  2.867664399  264.30164 
  2.873469388  265.05518 
  2.879274376  264.44525 
  2.885079365  261.79123 
  2.890884354  258.89526 
  2.896689342  255.25533 
  2.902494331  252.68106 
  2.908299320  249.13191 
  2.914104308  246.07036 
  2.919909297  243.14886 
  2.925714286  241.00235 
  2.931519274  239.28246 
  2.937324263  237.65375 
  2.943129252  236.5869 
  2.948934240  236.64336 
  2.954739229  237.77081 
  2.960544218  239.6213 
  2.966349206  241.97137 
  2.972154195  243.98038 
  2.977959184  246.30397 
  2.983764172  248.50874 
  2.989569161  250.86221 
  2.995374150  252.3315 
  3.001179138  252.55666 
  3.006984127  251.53648 
  3.012789116  250.45992 
  3.018594104  248.80498 
  3.024399093  247.79048 
  3.030204082  246.09409 
  3.036009070  244.55688 
  3.041814059  242.46889 
  3.047619048  240.63849 
  3.053424036  239.11223 
  3.059229025  237.56812 
  3.065034014  236.53406 
  3.070839002  235.58269 
  3.076643991  235.49992 
  3.082448980  236.20605 
  3.088253968  237.66481 
  3.094058957  239.4992 
  3.099863946  241.44012 
  3.105668934  243.6573 
  3.111473923  245.17365 
  3.117278912  247.2857 
  3.123083900  249.29344 
  3.128888889  251.96472 
  3.134693878  254.03703 
  3.140498866  254.696 
  3.146303855  253.92467 
  3.152108844  252.92755 
  3.157913832  250.73978 
  3.163718821  248.61655 
  3.169523810  245.74652 
  3.175328798  244.02362 
  3.181133787  242.09496 
  3.186938776  240.90031 
  3.192743764  240.31216 
  3.198548753  240.19325 
  3.204353741  240.5062 
  3.210158730  241.51495 
  3.215963719  242.44543 
  3.221768707  243.65013 
  3.227573696  245.45274 
  3.233378685  247.65652 
  3.239183673  250.72052 
  3.244988662  253.45068 
  3.250793651  255.45857 
  3.256598639  255.3528 
  3.262403628  254.23936 
  3.268208617  253.37112 
  3.274013605  251.24341 
  3.279818594  249.36116 
  3.285623583  248.21362 
  3.291428571  246.88179 
  3.297233560  246.45714 
  3.303038549  246.84715 
  3.308843537  247.25505 
  3.314648526  248.65305 
  3.320453515  250.1829 
  3.326258503  251.92972 
  3.332063492  253.56361 
  3.337868481  254.86026 
  3.343673469  255.76128 
  3.349478458  256.6872 
  3.355283447  257.39047 
  3.361088435  257.20917 
  3.366893424  256.7654 
  3.372698413  255.7149 
  3.378503401  254.24654 
  3.384308390  253.03444 
  3.390113379  251.99248 
  3.395918367  251.08328 
  3.401723356  250.1857 
  3.407528345  249.38342 
  3.413333333  248.47218 
  3.419138322  248.0109 
  3.424943311  247.73753 
  3.430748299  248.28403 
  3.436553288  248.76218 
  3.442358277  249.74524 
  3.448163265  251.81514 
  3.453968254  253.74023 
  3.459773243  256.35315 
  3.465578231  258.75726 
  3.471383220  259.897 
  3.477188209  263.80493 
  3.482993197  268.47763 
  3.488798186  260.85083 
  3.494603175  254.3552 
  3.500408163  254.4915 
  3.506213152  255.88971 
  3.726802721  236.89578 
  3.732607710  237.82274 
  3.738412698  236.85306 
  3.744217687  236.73901 
  3.750022676  236.47119 
  3.755827664  236.50526 
  3.761632653  237.31274 
  3.767437642  238.37231 
  3.773242630  239.51279 
  3.779047619  240.82013 
  3.784852608  242.55653 
  3.790657596  244.12135 
  3.796462585  246.60875 
  3.802267574  248.68124 
  3.808072562  250.31708 
  3.813877551  251.1436 
  3.819682540  251.25836 
  3.825487528  251.36963 
  3.831292517  251.93523 
  3.837097506  252.90057 
  3.842902494  253.0637 
  3.848707483  252.33502 
  3.854512472  251.00244 
  3.860317460  248.68288 
  3.866122449  246.86536 
  3.871927438  245.15793 
  3.877732426  243.93059 
  3.883537415  243.02188 
  3.889342404  242.49825 
  3.895147392  242.15817 
  3.900952381  241.6889 
  3.906757370  241.91951 
  3.912562358  241.9663 
  3.918367347  240.19427 
  3.924172336  238.044 
  3.929977324  235.99968 
  3.935782313  235.16591 
  3.941587302  233.66736 
  3.947392290  232.23302 
  3.953197279  230.41786 
  3.959002268  230.08409 
  3.964807256  237.41638 
  3.970612245  242.2351 
  3.976417234  243.86829 
  3.982222222  243.78035 
  3.988027211  242.9823 
  3.993832200  239.62694 
  3.999637188  236.17612 
  4.005442177  232.56625 
  4.011247166  229.52042 
  4.017052154  227.01111 
  4.022857143  226.03813 
  4.028662132  226.1688 
  4.034467120  227.36284 
  4.040272109  229.21968 
  4.046077098  230.73506 
  4.051882086  232.56009 
  4.057687075  234.2225 
  4.063492063  235.74434 
  4.069297052  237.6687 
  4.075102041  239.18451 
  4.080907029  240.76758 
  4.086712018  242.65863 
  4.092517007  244.05302 
  4.098321995  244.84624 
  4.104126984  243.59523 
  4.109931973  240.93375 
  4.115736961  235.94737 
  4.121541950  231.30786 
  4.214421769  289.73053 
  4.220226757  292.56265 
  4.226031746  298.46857 
  4.231836735  300.56577 
  4.237641723  302.09396 
  4.243446712  302.56757 
  4.249251701  300.43085 
  4.255056689  297.35455 
  4.260861678  294.87592 
  4.266666667  291.90695 
  4.272471655  288.9887 
  4.278276644  284.72318 
  4.284081633  279.97134 
  4.289886621  278.7979 
  4.295691610  280.7312 
  4.301496599  284.18112 
  4.307301587  288.08566 
  4.313106576  291.82196 
  4.318911565  296.33856 
  4.324716553  300.66302 
  4.330521542  304.1934 
  4.336326531  305.96698 
  4.342131519  306.33347 
  4.347936508  305.80283 
  4.353741497  303.1489 
  4.359546485  297.57687 
  4.365351474  293.7766 
  4.371156463  293.28168 
  4.376961451  291.46014 
  4.382766440  288.5013 
  4.388571429  277.50705 
  4.411791383  220.06801 
  4.417596372  219.54077 
  4.423401361  218.27174 
  4.429206349  216.12128 
  4.435011338  214.92635 
  4.440816327  214.75932 
  4.446621315  215.65968 
  4.452426304  218.74283 
  4.458231293  222.56204 
  4.464036281  226.54242 
  4.469841270  230.67708 
  4.475646259  235.90776 
  4.481451247  241.95757 
  4.487256236  245.95299 
  4.493061224  249.59389 
  4.498866213  252.28752 
  4.504671202  254.14899 
  4.510476190  254.71703 
  4.516281179  253.98978 
  4.522086168  251.82637 
  4.527891156  250.15096 
  4.533696145  247.32529 
  4.539501134  244.85753 
  4.545306122  242.37723 
  4.551111111  240.20534 
  4.556916100  238.88402 
  4.562721088  238.40118 
  4.568526077  238.40323 
  4.574331066  239.21791 
  4.580136054  240.42657 
  4.585941043  241.56822 
  4.591746032  241.36092 
  4.597551020  240.55206 
  4.603356009  241.57962 
  4.609160998  242.16412 
  4.614965986  241.83466 
  4.620770975  240.25868 
  4.626575964  240.12706 
  4.632380952  240.08018 
  4.638185941  239.84595 
  4.643990930  239.51239 
  4.649795918  238.88722 
  4.655600907  238.78732 
  4.661405896  239.1825 
  4.667210884  240.71947 
  4.673015873  242.79851 
  4.678820862  246.2261 
  4.684625850  249.4492 
  4.690430839  254.43332 
  4.696235828  258.3851 
  4.702040816  263.0551 
  4.707845805  265.43445 
  4.713650794  267.27975 
  4.719455782  268.38214 
  4.725260771  269.24274 
  4.731065760  268.99786 
  4.736870748  268.27963 
  4.742675737  266.76685 
  4.748480726  264.43625 
  4.754285714  262.248 
  4.760090703  260.12848 
  4.765895692  258.27737 
  4.771700680  256.44473 
  4.777505669  253.92982 
  4.783310658  252.28932 
  4.789115646  249.4 
  4.794920635  246.17839 
  4.800725624  242.9883 
  4.806530612  240.84795 
  4.812335601  240.75775 
  4.818140590  240.51108 
  4.823945578  241.40044 
  4.829750567  242.18686 
  4.835555556  238.88777 
  4.841360544  239.61467 
  4.847165533  237.6666 
  4.852970522  237.58014 
  4.858775510  239.85048 
  4.864580499  243.37968 
  4.870385488  245.89503 
  4.876190476  246.46478 
  4.881995465  244.93954 
  4.887800454  243.52135 
  4.893605442  242.01627 
  4.899410431  239.18513 
  4.905215420  237.2424 
  4.911020408  235.3177 
  4.916825397  233.38094 
  4.922630385  231.99849 
  4.928435374  231.02672 
  4.934240363  230.65327 
  4.940045351  230.80544 
  4.945850340  231.5547 
  4.951655329  233.01743 
  4.957460317  234.74745 
  4.963265306  236.84286 
  4.969070295  239.10555 
  4.974875283  241.51762 
  4.980680272  242.61133 
  4.986485261  243.46835 
  4.992290249  240.95245 
  4.998095238  237.78734 
  5.003900227  233.97563 
  5.009705215  229.93893 
  5.096780045  287.6738 
  5.102585034  292.49484 
  5.108390023  298.36688 
  5.114195011  301.37662 
  5.120000000  302.34634 
  5.125804989  302.07062 
  5.131609977  300.1697 
  5.137414966  297.1354 
  5.143219955  294.71628 
  5.149024943  292.2946 
  5.154829932  289.9969 
  5.160634921  286.94452 
  5.166439909  280.99017 
  5.172244898  275.37708 
  5.178049887  272.17035 
  5.183854875  271.8152 
  5.189659864  272.99188 
  5.195464853  276.25473 
  5.201269841  279.24838 
  5.207074830  281.0977 
  5.212879819  282.57224 
  5.218684807  282.9156 
  5.224489796  281.66357 
  5.230294785  282.09213 
  5.236099773  282.34528 
  5.241904762  282.9541 
  5.247709751  283.49786 
  5.253514739  280.9923 
  5.259319728  276.345 
  5.265124717  269.55527 
  5.270929705  265.49402 
  5.276734694  255.8565 
  5.282539683  245.31938 
  5.288344671  237.06674 
  5.294149660  231.39555 
  5.299954649  228.76738 
  5.305759637  227.05295 
  5.311564626  226.02351 
  5.317369615  226.58125 
  5.323174603  228.97684 
  5.328979592  231.7485 
  5.334784580  234.93526 
  5.340589569  238.63068 
  5.346394558  242.55214 
  5.352199546  246.5585 
  5.358004535  250.04636 
  5.363809524  252.282 
  5.369614512  253.83765 
  5.375419501  254.29596 
  5.381224490  253.6989 
  5.387029478  252.59985 
  5.392834467  250.17734 
  5.398639456  247.7376 
  5.404444444  245.07541 
  5.410249433  242.5317 
  5.416054422  240.06407 
  5.421859410  238.31589 
  5.427664399  236.59105 
  5.433469388  235.40372 
  5.439274376  234.06567 
  5.445079365  231.46104 
  5.450884354  228.13344 
  5.456689342  229.12744 
  5.462494331  232.26012 
  5.468299320  233.76399 
  5.474104308  238.25764 
  5.479909297  241.80861 
  5.485714286  248.06497 
  5.491519274  253.26096 
  5.497324263  258.7357 
  5.503129252  261.8285 
  5.508934240  262.98932 
  5.514739229  262.65814 
  5.520544218  261.24435 
  5.526349206  258.6508 
  5.532154195  253.94685 
  5.537959184  250.37956 
  5.543764172  246.83838 
  5.549569161  245.21683 
  5.555374150  243.77762 
  5.561179138  244.03528 
  5.566984127  245.19067 
  5.572789116  246.31479 
  5.578594104  247.8941 
  5.584399093  249.95668 
  5.590204082  252.92316 
  5.596009070  255.95784 
  5.601814059  257.72464 
  5.607619048  258.40268 
  5.613424036  257.64603 
  5.619229025  257.44623 
  5.625034014  256.47928 
  5.630839002  254.02298 
  5.636643991  250.92769 
  5.642448980  247.47627 
  5.648253968  245.4113 
  5.654058957  243.82059 
  5.659863946  240.29521 
  5.665668934  235.48012 
  5.671473923  229.37498 
  5.677278912  224.98723 
  5.683083900  221.33566 
  5.688888889  219.86534 
  5.694693878  219.33223 
  5.700498866  219.35881 
  5.706303855  220.82057 
  5.712108844  223.39548 
  5.717913832  225.81157 
  5.723718821  228.26425 
  5.729523810  229.61087 
  5.735328798  230.21596 
  5.741133787  230.89389 
  5.746938776  231.42772 
  5.752743764  232.0695 
  5.758548753  232.50583 
  5.764353741  232.68031 
  5.770158730  232.6427 
  5.775963719  232.02129 
  5.781768707  231.43932 
  5.787573696  231.05316 
  5.793378685  230.76009 
  5.799183673  230.73213 
  5.804988662  231.07996 
  5.810793651  231.72672 
  5.816598639  232.5058 
  5.822403628  233.11557 
  5.828208617  233.4215 
  5.834013605  233.96765 
  5.839818594  234.62186 
  5.845623583  236.00172 
  5.851428571  244.79077 
  5.857233560  250.24004 
  5.863038549  249.20084 
  5.868843537  248.76515 
  5.874648526  246.12971 
  5.880453515  244.1103 
  5.886258503  240.89662 
  5.892063492  237.52716 
  5.897868481  234.21957 
  5.903673469  231.51508 
  5.909478458  228.61774 
  5.938503401  254.50687 
  5.944308390  270.89316 
  5.950113379  280.95026 
  5.955918367  285.7209 
  5.961723356  287.27222 
  5.967528345  287.27942 
  5.973333333  286.46674 
  5.979138322  285.5078 
  5.984943311  283.99194 
  5.990748299  282.4744 
  5.996553288  281.5965 
  6.002358277  281.64188 
  6.008163265  282.68127 
  6.013968254  284.5203 
  6.019773243  286.97415 
  6.025578231  289.60062 
  6.031383220  291.7183 
  6.037188209  293.25333 
  6.042993197  293.6829 
  6.048798186  293.0943 
  6.054603175  292.9081 
  6.060408163  291.8073 
  6.066213152  290.8765 
  6.072018141  293.12555 
  6.077823129  290.22604 
  6.083628118  290.21085 
  6.089433107  287.17853 
  6.095238095  286.31323 
  6.101043084  285.28546 
  6.106848073  283.90857 
  6.112653061  286.30368 
  6.118458050  286.964 
  6.124263039  286.0554 
  6.130068027  287.45084 
  6.182312925  233.14165 
  6.188117914  241.19646 
  6.193922902  245.08244 
  6.199727891  247.41739 
  6.205532880  248.57983 
  6.211337868  248.52895 
  6.217142857  247.67336 
  6.222947846  246.60492 
  6.228752834  244.43637 
  6.234557823  242.63748 
  6.240362812  240.62997 
  6.246167800  240.14633 
  6.251972789  240.26033 
  6.257777778  241.32567 
  6.263582766  243.0165 
  6.269387755  245.53062 
  6.275192744  247.80365 
  6.280997732  250.2225 
  6.286802721  252.78308 
  6.292607710  254.92137 
  6.298412698  256.74057 
  6.304217687  256.5238 
  6.310022676  253.66289 
  6.315827664  250.26349 
  6.321632653  246.28342 
  6.327437642  242.91321 
  6.333242630  238.12692 
  6.339047619  230.50015 
  6.344852608  217.0791 
  6.350657596  217.60669 
  6.356462585  219.00804 
  6.362267574  220.66887 
  6.368072562  226.69247 
  6.373877551  230.77121 
  6.379682540  235.01767 
  6.385487528  238.86465 
  6.391292517  242.07834 
  6.397097506  244.79576 
  6.402902494  246.2256 
  6.408707483  247.14877 
  6.414512472  247.71239 
  6.420317460  247.82407 
  6.426122449  247.94746 
  6.431927438  248.12755 
  6.437732426  248.32617 
  6.443537415  248.65776 
  6.449342404  249.0795 
  6.455147392  249.53235 
  6.460952381  249.92215 
  6.466757370  249.99812 
  6.472562358  250.45995 
  6.478367347  250.93993 
  6.484172336  252.21863 
  6.489977324  254.04434 
  6.495782313  255.17975 
  6.501587302  255.91766 
  6.507392290  255.4892 
  6.513197279  253.0892 
  6.519002268  251.82095 
  6.524807256  254.30005 
  6.530612245  255.63353 
  6.536417234  251.735 
  6.594467120  229.60777 
  6.600272109  229.17291 
  6.606077098  227.8624 
  6.611882086  225.61807 
  6.617687075  222.45888 
  6.623492063  219.28314 
  6.629297052  217.20517 
  6.635102041  215.82225 
  6.640907029  215.45279 
  6.646712018  215.69652 
  6.652517007  216.5268 
  6.658321995  217.76642 
  6.664126984  219.17601 
  6.669931973  220.51172 
  6.675736961  221.71046 
  6.681541950  222.7434 
  6.687346939  222.85349 
  6.693151927  222.59468 
  6.698956916  221.9142 
  6.704761905  222.99257 
  6.710566893  226.8698 
  6.716371882  229.5979 
  6.722176871  231.61658 
  6.727981859  234.73639 
  6.733786848  235.332 
  6.739591837  235.33696 
  6.745396825  234.38211 
  6.751201814  230.36488 
  6.757006803  225.37881 
  6.762811791  220.9477 
  6.768616780  217.16075 
  6.774421769  218.7564 
  6.780226757  220.97949 
  6.786031746  221.34117 
  6.803446712  263.91046 
  6.809251701  278.22177 
  6.815056689  294.29034 
  6.820861678  298.8453 
  6.826666667  302.31174 
  6.832471655  302.39404 
  6.838276644  301.807 
  6.844081633  300.9098 
  6.849886621  296.9931 
  6.855691610  291.3174 
  6.861496599  287.5365 
  6.867301587  284.72668 
  6.873106576  281.85468 
  6.878911565  279.66907 
  6.884716553  278.1555 
  6.890521542  277.11023 
  6.896326531  276.81955 
  6.902131519  276.55246 
  6.907936508  276.42194 
  6.913741497  276.39746 
  6.919546485  276.41574 
  6.925351474  276.51144 
  6.931156463  276.62753 
  6.936961451  276.67697 
  6.942766440  276.67157 
  6.948571429  276.0425 
  6.954376417  275.237 
  6.960181406  274.62964 
  6.965986395  272.79245 
  6.971791383  272.20715 
  6.977596372  272.13434 
  6.983401361  263.51242 
  6.989206349  255.93085 
  6.995011338  247.13103 
  7.000816327  242.55266 
  7.006621315  238.88475 
  7.012426304  235.01283 
  7.018231293  232.73401 
  7.024036281  232.93707 
  7.029841270  232.75902 
  7.035646259  232.70645 
  7.041451247  233.44899 
  7.047256236  233.70746 
  7.053061224  234.2046 
  7.058866213  234.95361 
  7.064671202  236.36908 
  7.070476190  238.96964 
  7.076281179  242.90721 
  7.082086168  246.97342 
  7.087891156  250.92531 
  7.093696145  253.95836 
  7.099501134  254.97932 
  7.105306122  254.92064 
  7.111111111  253.5279 
  7.116916100  251.12831 
  7.122721088  249.36197 
  7.128526077  247.01135 
  7.134331066  244.63593 
  7.140136054  241.6478 
  7.145941043  238.29295 
  7.151746032  234.8832 
  7.157551020  232.31604 
  7.163356009  230.33691 
  7.169160998  227.98897 
  7.174965986  224.5037 
  7.180770975  224.30672 
  7.186575964  225.30132 
  7.192380952  226.71019 
  7.198185941  231.60052 
  7.203990930  237.84448 
  7.209795918  244.8339 
  7.215600907  259.96307 
  7.221405896  270.6692 
  7.227210884  277.4387 
  7.233015873  280.43848 
  7.238820862  281.54938 
  7.244625850  280.5577 
  7.250430839  277.80582 
  7.256235828  272.33676 
  7.262040816  264.76028 
  7.267845805  251.58177 
  7.273650794  242.81252 
  7.279455782  235.16905 
  7.285260771  226.31212 
  7.291065760  213.44997 
  7.296870748  205.00294 
  7.302675737  203.47966 
  7.308480726  206.72517 
  7.314285714  211.7021 
  7.320090703  217.38246 
  7.325895692  227.88048 
  7.331700680  237.74329 
  7.337505669  243.0754 
  7.343310658  245.72789 
  7.349115646  248.52527 
  7.354920635  250.24901 
  7.360725624  251.14987 
  7.366530612  251.36226 
  7.372335601  250.9241 
  7.378140590  249.43954 
  7.383945578  247.86151 
  7.389750567  245.59799 
  7.395555556  243.16931 
  7.401360544  240.8908 
  7.407165533  237.93478 
  7.412970522  236.04402 
  7.418775510  234.35825 
  7.424580499  233.41193 
  7.430385488  232.73721 
  7.436190476  232.69006 
  7.441995465  233.54521 
  7.447800454  227.4428 
  7.453605442  225.3292 
  7.459410431  223.83876 
  7.465215420  222.78957 
  7.471020408  221.02252 
  7.476825397  218.68152 
  7.482630385  215.42336 
  7.488435374  212.05144 
  7.494240363  209.73239 
  7.500045351  207.38681 
  7.505850340  204.88536 
  7.511655329  202.29985 
  7.517460317  200.23236 
  7.523265306  198.97733 
  7.529070295  198.77634 
  7.534875283  199.47084 
  7.540680272  200.33015 
  7.546485261  200.72838 
  7.552290249  201.22546 
  7.558095238  200.94774 
  7.563900227  200.21486 
  7.569705215  199.2321 
  7.575510204  197.24722 
  7.581315193  195.00665 
  7.587120181  193.04143 
  7.592925170  191.41156 
  7.598730159  192.02615 
  7.604535147  191.85716 
  7.610340136  190.36803 
  7.616145125  187.70685 
  7.621950113  188.21902 
  7.627755102  192.99405 
  7.633560091  196.35226 
  7.639365079  197.78793 
  7.645170068  198.5461 
  7.650975057  201.14108 
  7.656780045  202.93959 
  7.662585034  205.08698 
  7.668390023  206.76625 
  7.674195011  207.16966 
  7.680000000  207.06212 
  7.685804989  205.93494 
  7.691609977  204.86766 
  7.697414966  204.13303 
  7.703219955  203.73666 
  7.709024943  203.62326 
  7.714829932  203.71494 
  7.720634921  204.75279 
  7.726439909  206.05168 
  7.732244898  207.29555 
  7.738049887  209.15866 
  7.743854875  210.5689 
  7.749659864  211.43298 
  7.755464853  211.443 
  7.761269841  211.24678 
  7.767074830  211.1468 
  7.772879819  211.02994 
  7.778684807  211.52238 
  7.784489796  211.66777 
  7.790294785  211.91554 
  7.796099773  212.36902 
  7.801904762  212.85211 
  7.807709751  213.09962 
  7.813514739  213.24057 
  7.819319728  212.79117 
  7.825124717  211.0991 
  7.830929705  209.14458 
  7.836734694  206.078 
  7.842539683  200.88403 
  7.935419501  239.31657 
  7.941224490  243.85126 
  7.947029478  244.90616 
  7.952834467  244.84523 
  7.958639456  244.55586 
  7.964444444  242.3247 
  7.970249433  240.51529 
  7.976054422  238.54306 
  7.981859410  236.45164 
  7.987664399  234.38773 
  7.993469388  231.91331 
  7.999274376  228.4201 
  8.005079365  224.71317 
  8.010884354  221.10385 
  8.016689342  217.50749 
  8.022494331  216.85226 
  8.028299320  218.88669 
  8.034104308  223.32217 
  8.039909297  230.0985 
  8.045714286  236.40352 
  8.051519274  241.42293 
  8.057324263  244.81258 
  8.063129252  248.59962 
  8.068934240  251.50343 
  8.074739229  252.33994 
  8.080544218  252.10406 
  8.086349206  250.41035 
  8.092154195  247.77141 
  8.097959184  245.24394 
  8.103764172  241.92564 
  8.109569161  239.53136 
  8.115374150  237.08066 
  8.121179138  234.19963 
  8.126984127  231.238 
  8.132789116  228.63 
  8.138594104  226.15381 
  8.144399093  223.90677 
  8.150204082  222.6411 
  8.156009070  222.28777 
  8.161814059  222.59682 
  8.167619048  224.016 
  8.173424036  226.09221 
  8.179229025  227.59007 
  8.185034014  227.86082 
  8.190839002  226.67953 
  8.196643991  224.48883 
  8.202448980  221.65533 
  8.208253968  217.6527 
  8.237278912  171.05037 
  8.243083900  170.56146 
  8.248888889  175.39816 
  8.254693878  180.42728 
  8.260498866  184.6024 
  8.266303855  188.30255 
  8.272108844  191.16089 
  8.277913832  191.8931 
  8.283718821  193.39081 
  8.289523810  194.19841 
  8.295328798  191.49553 
  8.376598639  194.5814 
  8.382403628  195.04068 
  8.388208617  195.01665 
  8.394013605  194.67583 
  8.399818594  194.39188 
  8.405623583  193.70335 
  8.411428571  192.71391 
  8.417233560  192.52226 
  8.423038549  193.02917 
  8.428843537  194.86366 
  8.434648526  197.77351 
  8.440453515  200.5267 
  8.446258503  202.73781 
  8.452063492  204.45132 
  8.457868481  206.03456 
  8.463673469  206.91576 
  8.469478458  207.23187 
  8.475283447  208.116 
  8.481088435  208.82942 
  8.486893424  209.5516 
  8.492698413  210.58458 
  8.498503401  210.86482 
  8.504308390  211.20552 
  8.510113379  211.46384 
  8.515918367  211.2677 
  8.521723356  210.86313 
  8.527528345  209.94345 
  8.533333333  208.37856 
  8.539138322  206.59592 
  8.544943311  204.34456 
  8.550748299  201.66827 
  8.556553288  196.95697 
  8.620408163  209.11209 
  8.626213152  210.17409 
  8.632018141  213.01944 
  8.637823129  213.90202 
  8.643628118  213.15538 
  8.649433107  212.89355 
  8.655238095  211.95438 
  8.661043084  210.7667 
  8.666848073  209.29514 
  8.672653061  207.22316 
  8.678458050  205.5488 
  8.684263039  204.51169 
  8.690068027  203.90118 
  8.695873016  203.31584 
  8.701678005  203.33386 
  8.707482993  203.61032 
  8.713287982  203.98117 
  8.719092971  204.75934 
  8.724897959  206.01266 
  8.730702948  207.69571 
  8.736507937  209.55333 
  8.742312925  210.5839 
  8.748117914  211.5138 
  8.753922902  212.55199 
  8.759727891  213.42004 
  8.765532880  214.29073 
  8.771337868  214.7751 
  8.777142857  214.99535 
  8.782947846  214.63245 
  8.788752834  212.7895 
  8.794557823  210.04837 
  8.800362812  207.41646 
  8.806167800  204.37534 
  8.811972789  202.28262 
  8.817777778  200.94972 
  8.823582766  199.88733 
  8.829387755  198.16934 
  8.835192744  196.46452 
  8.840997732  195.08105 
  8.846802721  193.90112 
  8.852607710  192.53044 
  8.858412698  191.02863 
  8.864217687  189.56134 
  8.870022676  188.34828 
  8.875827664  187.85962 
  8.881632653  187.4879 
  8.887437642  187.17181 
  8.893242630  187.19307 
  8.899047619  187.47873 
  8.904852608  187.69849 
  8.910657596  188.19652 
  8.916462585  188.46243 
  8.922267574  189.10979 
  8.928072562  189.75998 
  8.933877551  190.28539 
  8.939682540  190.86737 
  8.945487528  191.01384 
  8.951292517  191.06529 
  8.957097506  191.03519 
  8.962902494  190.8659 
  8.968707483  190.95226 
  8.974512472  191.0363 
  8.980317460  191.00737 
  8.986122449  190.8806 
  8.991927438  190.47975 
  8.997732426  189.91185 
  9.003537415  189.09354 
  9.009342404  187.8891 
  9.015147392  184.67212 
  9.020952381  179.32576 
  9.026757370  178.36267 
  9.032562358  173.76276 
  9.038367347  171.65504 
  9.044172336  172.30692 
  9.049977324  171.46437 
  9.055782313  172.07333 
  9.061587302  172.13481 
  9.067392290  176.98666 
  9.073197279  184.9607 
  9.079002268  188.05917 
  9.084807256  192.83838 
  9.090612245  194.85518 
  9.096417234  196.69429 
  9.102222222  197.01741 
  9.108027211  196.74782 
  9.113832200  196.75266 
  9.119637188  196.31557 
  9.125442177  196.01364 
  9.131247166  195.96371 
  9.137052154  195.58128 
  9.142857143  195.2029 
  9.148662132  194.94601 
  9.154467120  194.49606 
  9.160272109  194.16325 
  9.166077098  194.19913 
  9.171882086  193.72679 
  9.177687075  193.6237 
  9.183492063  193.76189 
  9.189297052  193.39854 
  9.195102041  194.40747 
  9.200907029  194.78847 
  9.206712018  195.03305 
  9.212517007  195.68935 
  9.218321995  195.5579 
  9.224126984  195.32843 
  9.229931973  195.16138 
  9.235736961  194.77448 
  9.241541950  195.27388 
  9.247346939  196.41237 
  9.253151927  197.69603 
  9.258956916  199.63339 
  9.264761905  201.28825 
  9.270566893  202.73318 
  9.276371882  204.08435 
  9.282176871  204.95839 
  9.287981859  206.18591 
  9.293786848  206.83504 
  9.299591837  206.77359 
  9.305396825  206.5776 
  9.311201814  206.20619 
  9.317006803  206.23915 
  9.322811791  206.07616 
  9.328616780  206.37012 
  9.334421769  207.43626 
  9.340226757  208.3151 
  9.346031746  209.52158 
  9.351836735  211.02223 
  9.357641723  212.43953 
  9.363446712  213.21132 
  9.369251701  213.46457 
  9.375056689  213.43608 
  9.380861678  212.75293 
  9.386666667  211.67937 
  9.392471655  210.75372 
  9.398276644  209.55994 
  9.404081633  207.27177 
  9.409886621  205.36868 
  9.415691610  202.6786 
  9.543401361  190.7465 
  9.549206349  191.155 
  9.555011338  191.28186 
  9.560816327  192.12877 
  9.566621315  192.8675 
  9.572426304  194.72214 
  9.578231293  196.62724 
  9.584036281  198.56412 
  9.589841270  200.84898 
  9.595646259  202.95679 
  9.601451247  204.82437 
  9.607256236  206.08653 
  9.613061224  207.05615 
  9.618866213  207.64159 
  9.624671202  207.94759 
  9.630476190  208.94193 
  9.636281179  209.47926 
  9.642086168  209.99881 
  9.647891156  210.3176 
  9.653696145  209.65506 
  9.659501134  209.45908 
  9.665306122  208.79745 
  9.671111111  208.26585 
  9.676916100  208.28186 
  9.682721088  208.03644 
  9.688526077  208.5743 
  9.694331066  209.54935 
  9.700136054  210.68146 
  9.705941043  211.79422 
  9.711746032  212.89873 
  9.717551020  212.66988 
  9.723356009  212.74834 
  9.729160998  210.57974 
  9.734965986  207.52351 
  9.740770975  208.3358 
  9.746575964  209.22798 
  9.752380952  209.59349 
  9.758185941  221.82222 
  9.763990930  234.15367 
  9.769795918  240.25711 
  9.775600907  242.61897 
  9.781405896  242.26836 
  9.787210884  242.21492 
  9.793015873  242.49268 
  9.798820862  242.63599 
  9.804625850  243.05789 
  9.810430839  243.10384 
  9.816235828  242.6765 
  9.822040816  241.53087 
  9.827845805  239.98148 
  9.833650794  238.67259 
  9.839455782  237.14035 
  9.845260771  235.7334 
  9.851065760  233.91388 
  9.856870748  231.03734 
  9.862675737  228.28792 
  9.868480726  226.51955 
  9.874285714  226.14009 
  9.880090703  226.66418 
  9.885895692  227.66014 
  9.891700680  229.47643 
  9.897505669  231.92519 
  9.903310658  234.50964 
  9.909115646  237.31786 
  9.914920635  240.61855 
  9.920725624  243.54405 
  9.926530612  244.60814 
  9.932335601  247.17046 
  9.938140590  248.25034 
  9.943945578  247.81326 
  9.949750567  246.52107 
  9.955555556  244.23006 
  9.961360544  241.82011 
  9.967165533  239.321 
  9.972970522  236.83417 
  9.978775510  234.63266 
  9.984580499  232.43095 
  9.990385488  230.9011 
  9.996190476  229.835 
  10.001995465  229.01479 
  10.007800454  229.06232 
  10.013605442  229.64726 
  10.019410431  230.63155 
  10.025215420  232.11855 
  10.031020408  233.29099 
  10.036825397  234.34215 
  10.042630385  235.4285 
  10.048435374  235.48663 
  10.054240363  234.22102 
  10.060045351  231.96869 
  10.065850340  228.45872 
  10.071655329  224.76402 
  10.077460317  222.09676 
  10.083265306  219.32645 
  10.089070295  219.6033 
  10.245804989  138.32515 
  10.251609977  138.42076 
  10.257414966  138.22826 
  10.263219955  138.00946 
  10.269024943  138.6335 
  10.274829932  139.53249 
  10.280634921  140.34651 
  10.286439909  141.44244 
  10.292244898  142.69757 
  10.298049887  143.58086 
  10.303854875  144.0069 
  10.309659864  144.69298 
  10.315464853  145.34547 
  10.321269841  145.94302 
  10.327074830  146.94023 
  10.332879819  147.78352 
  10.338684807  148.97182 
  10.344489796  149.81378 
  10.350294785  151.0778 
  10.356099773  151.81175 
  10.361904762  151.98683 
  10.367709751  152.09506 
  10.373514739  151.70131 
  10.379319728  151.29765 
  10.385124717  149.41193 
  10.390929705  145.02281 
  10.396734694  145.06282 
  10.402539683  145.24643 
  10.408344671  144.75613 
  10.414149660  144.41241 
  10.419954649  144.66911 
  10.425759637  145.62302 
  10.431564626  148.78906 
  10.437369615  151.07361 
  10.443174603  153.74246 
  10.448979592  156.5543 
  10.454784580  158.2247 
  10.460589569  160.08028 
  10.466394558  162.73167 
  10.472199546  164.77287 
  10.478004535  168.01468 
  10.483809524  171.46538 
  10.489614512  174.4939 
  10.495419501  177.32767 
  10.501224490  178.68109 
  10.507029478  179.62274 
  10.512834467  181.34227 
  10.518639456  181.7117 
  10.524444444  182.0458 
  10.530249433  182.38065 
  10.536054422  181.96739 
  10.541859410  181.27403 
  10.547664399  180.01036 
  10.553469388  179.91704 
  10.559274376  180.15045 
  10.565079365  180.57591 
  10.570884354  182.2444 
  10.576689342  183.63757 
  10.582494331  185.3288 
  10.588299320  188.3682 
  10.594104308  190.67867 
  10.599909297  192.77502 
  10.605714286  194.59607 
  10.611519274  195.71442 
  10.617324263  197.2792 
  10.623129252  197.77702 
  10.628934240  198.73128 
  10.634739229  198.83492 
  10.640544218  197.96146 
  10.646349206  197.5662 
  10.652154195  195.73099 
  10.657959184  194.64543 
  10.663764172  193.83412 
  10.669569161  192.00146 
  10.675374150  191.93071 
  10.681179138  191.01541 
  10.686984127  189.81908 
  10.692789116  190.7466 
  10.698594104  189.99715 
  10.704399093  189.77304 
  10.710204082  190.34769 
  10.716009070  188.19382 
  10.721814059  182.91664 
  10.727619048  187.22102 
  10.733424036  194.88673 
  10.739229025  198.06686 
  10.745034014  203.5253 
  10.750839002  207.1613 
  10.756643991  209.29082 
  10.762448980  211.57112 
  10.768253968  213.01929 
  10.774058957  213.93082 
  10.779863946  214.52345 
  10.785668934  214.87796 
  10.791473923  214.88242 
  10.797278912  214.7022 
  10.803083900  214.31313 
  10.808888889  213.63332 
  10.814693878  212.99655 
  10.820498866  211.90399 
  10.826303855  210.60829 
  10.832108844  208.67532 
  10.837913832  206.63637 
  10.843718821  205.37636 
  10.849523810  204.35454 
  10.855328798  203.51247 
  10.861133787  203.33711 
  10.866938776  203.17839 
  10.872743764  202.72914 
  10.878548753  202.89415 
  10.884353741  203.10564 
  10.890158730  203.58612 
  10.895963719  204.72589 
  10.901768707  205.46657 
  10.907573696  206.34865 
  10.913378685  207.32144 
  10.919183673  208.67117 
  10.924988662  210.37404 
  10.930793651  211.65515 
  10.936598639  212.59756 
  10.942403628  213.62144 
  11.371972789  179.52165 
  11.377777778  182.75409 
  11.383582766  184.67014 
  11.389387755  187.36624 
  11.395192744  188.95947 
  11.400997732  189.498 
  11.406802721  191.03346 
  11.412607710  191.72818 
  11.418412698  193.23425 
  11.424217687  195.63443 
  11.430022676  198.51952 
  11.435827664  201.47209 
  11.441632653  203.86086 
  11.447437642  206.50899 
  11.453242630  209.04073 
  11.459047619  211.78221 
  11.464852608  213.13332 
  11.470657596  213.80344 
  11.476462585  214.01643 
  11.482267574  213.63731 
  11.488072562  212.96146 
  11.493877551  212.3573 
  11.499682540  211.4464 
  11.505487528  210.15302 
  11.511292517  208.99684 
  11.517097506  207.4897 
  11.522902494  205.57027 
  11.528707483  202.59433 
  11.534512472  199.28012 
  11.540317460  196.06534 
  11.546122449  193.02467 
  11.551927438  190.09729 
  11.557732426  187.74042 
  11.563537415  185.65417 
  11.569342404  184.8695 
  11.575147392  183.80603 
  11.580952381  183.9574 
  11.586757370  186.86513 
  11.592562358  190.55127 
  11.598367347  195.31216 
  11.604172336  198.51329 
  11.609977324  202.58925 
  11.615782313  208.09152 
  11.621587302  211.36813 
  11.627392290  213.33044 
  11.633197279  214.08643 
  11.639002268  215.09026 
  11.644807256  215.59814 
  11.650612245  214.93439 
  11.656417234  213.98846 
  11.662222222  213.15262 
  11.668027211  212.12962 
  11.673832200  210.7893 
  11.679637188  209.1825 
  11.685442177  207.53175 
  11.691247166  206.18703 
  11.697052154  205.08